dt 0.050000 T 15.000000 Nsample 1000000
Time   abszsum1   argzsum1   realsum   habszsum1   hargzsum1   hrealsum   a
0.250000    0   0.980049   0.000094   0.962945   85.801433   -0.006095   85.390094   1000000.000000
0.250000    0   0.980049   0.000094   0.015734   85.801433   -0.006095   0.274473   1000000.000000
0.250000    0   0.980049   0.000094   0.000000   85.801433   -0.006095   0.000000   1000000.000000
0.250000    0   0.980049   0.000094   0.000000   85.801433   -0.006095   0.000000   1000000.000000
0.250000    0   0.980049   0.000094   0.000000   85.801433   -0.006095   0.000000   1000000.000000
0.250000    0   0.980049   0.000094   0.000000   85.801433   -0.006095   0.000000   1000000.000000
0.250000    0   0.980049   0.000094   0.000000   85.801433   -0.006095   0.000000   1000000.000000
0.250000    0   0.980049   0.000094   0.000000   85.801433   -0.006095   0.000000   1000000.000000
0.250000    0   0.980049   0.000094   0.000000   85.801433   -0.006095   0.000000   1000000.000000
0.250000    0   0.980049   0.000094   0.000000   85.801433   -0.006095   0.000000   1000000.000000
0.500000    1   0.921812   0.000074   0.871142   85.624457   -0.031025   84.952035   1000000.000000
0.500000    1   0.921812   0.000074   0.063947   85.624457   -0.031025   0.530921   1000000.000000
0.500000    1   0.921812   0.000074   -0.014338   85.624457   -0.031025   0.048427   1000000.000000
0.500000    1   0.921812   0.000074   0.000000   85.624457   -0.031025   0.000000   1000000.000000
0.500000    1   0.921812   0.000074   0.000000   85.624457   -0.031025   0.000000   1000000.000000
0.500000    1   0.921812   0.000074   0.000000   85.624457   -0.031025   0.000000   1000000.000000
0.500000    1   0.921812   0.000074   0.000000   85.624457   -0.031025   0.000000   1000000.000000
0.500000    1   0.921812   0.000074   0.000000   85.624457   -0.031025   0.000000   1000000.000000
0.500000    1   0.921812   0.000074   0.000000   85.624457   -0.031025   0.000000   1000000.000000
0.500000    1   0.921812   0.000074   0.000000   85.624457   -0.031025   0.000000   1000000.000000
0.750000    2   0.830614   0.000495   0.737888   85.375148   -0.044112   84.467736   1000000.000000
0.750000    2   0.830614   0.000495   0.122956   85.375148   -0.044112   0.737156   1000000.000000
0.750000    2   0.830614   0.000495   -0.029594   85.375148   -0.044112   0.122753   1000000.000000
0.750000    2   0.830614   0.000495   -0.001516   85.375148   -0.044112   -0.004727   1000000.000000
0.750000    2   0.830614   0.000495   0.000000   85.375148   -0.044112   0.000000   1000000.000000
0.750000    2   0.830614   0.000495   0.000000   85.375148   -0.044112   0.000000   1000000.000000
0.750000    2   0.830614   0.000495   0.000000   85.375148   -0.044112   0.000000   1000000.000000
0.750000    2   0.830614   0.000495   0.000000   85.375148   -0.044112   0.000000   1000000.000000
0.750000    2   0.830614   0.000495   0.000000   85.375148   -0.044112   0.000000   1000000.000000
0.750000    2   0.830614   0.000495   0.000000   85.375148   -0.044112   0.000000   1000000.000000
1.000000    3   0.715454   0.000808   0.581920   85.304504   -0.046203   84.058434   1000000.000000
1.000000    3   0.715454   0.000808   0.175218   85.304504   -0.046203   1.038123   1000000.000000
1.000000    3   0.715454   0.000808   -0.037689   85.304504   -0.046203   0.166281   1000000.000000
1.000000    3   0.715454   0.000808   -0.004587   85.304504   -0.046203   0.004053   1000000.000000
1.000000    3   0.715454   0.000808   0.000162   85.304504   -0.046203   -0.006209   1000000.000000
1.000000    3   0.715454   0.000808   0.000000   85.304504   -0.046203   0.000000   1000000.000000
1.000000    3   0.715454   0.000808   0.000000   85.304504   -0.046203   0.000000   1000000.000000
1.000000    3   0.715454   0.000808   0.000000   85.304504   -0.046203   0.000000   1000000.000000
1.000000    3   0.715454   0.000808   0.000000   85.304504   -0.046203   0.000000   1000000.000000
1.000000    3   0.715454   0.000808   0.000000   85.304504   -0.046203   0.000000   1000000.000000
1.250000    4   0.583810   0.001049   0.417722   85.203676   -0.088008   83.616961   1000000.000000
1.250000    4   0.583810   0.001049   0.210168   85.203676   -0.088008   1.248390   1000000.000000
1.250000    4   0.583810   0.001049   -0.037790   85.203676   -0.088008   0.286744   1000000.000000
1.250000    4   0.583810   0.001049   -0.006929   85.203676   -0.088008   0.011277   1000000.000000
1.250000    4   0.583810   0.001049   0.000365   85.203676   -0.088008   -0.000956   1000000.000000
1.250000    4   0.583810   0.001049   0.000014   85.203676   -0.088008   -0.001279   1000000.000000
1.250000    4   0.583810   0.001049   0.000000   85.203676   -0.088008   0.000000   1000000.000000
1.250000    4   0.583810   0.001049   0.000000   85.203676   -0.088008   0.000000   1000000.000000
1.250000    4   0.583810   0.001049   0.000000   85.203676   -0.088008   0.000000   1000000.000000
1.250000    4   0.583810   0.001049   0.000000   85.203676   -0.088008   0.000000   1000000.000000
1.500000    5   0.444209   0.001926   0.260262   84.974034   -0.147430   83.149028   1000000.000000
1.500000    5   0.444209   0.001926   0.220842   84.974034   -0.147430   1.435906   1000000.000000
1.500000    5   0.444209   0.001926   -0.030403   84.974034   -0.147430   0.325983   1000000.000000
1.500000    5   0.444209   0.001926   -0.007300   84.974034   -0.147430   0.018873   1000000.000000
1.500000    5   0.444209   0.001926   0.000624   84.974034   -0.147430   0.012827   1000000.000000
1.500000    5   0.444209   0.001926   0.000068   84.974034   -0.147430   0.001066   1000000.000000
1.500000    5   0.444209   0.001926   -0.000009   84.974034   -0.147430   -0.001642   1000000.000000
1.500000    5   0.444209   0.001926   0.000000   84.974034   -0.147430   0.000000   1000000.000000
1.500000    5   0.444209   0.001926   0.000000   84.974034   -0.147430   0.000000   1000000.000000
1.500000    5   0.444209   0.001926   0.000000   84.974034   -0.147430   0.000000   1000000.000000
1.750000    6   0.308718   0.002432   0.121603   85.165926   -0.079678   82.898725   1000000.000000
1.750000    6   0.308718   0.002432   0.212800   85.165926   -0.079678   1.619246   1000000.000000
1.750000    6   0.308718   0.002432   -0.019693   85.165926   -0.079678   0.561144   1000000.000000
1.750000    6   0.308718   0.002432   -0.007270   85.165926   -0.079678   0.026480   1000000.000000
1.750000    6   0.308718   0.002432   0.001063   85.165926   -0.079678   0.018380   1000000.000000
1.750000    6   0.308718   0.002432   0.000141   85.165926   -0.079678   0.003674   1000000.000000
1.750000    6   0.308718   0.002432   0.000023   85.165926   -0.079678   0.002726   1000000.000000
1.750000    6   0.308718   0.002432   0.000000   85.165926   -0.079678   0.000000   1000000.000000
1.750000    6   0.308718   0.002432   0.000000   85.165926   -0.079678   0.000000   1000000.000000
1.750000    6   0.308718   0.002432   0.000000   85.165926   -0.079678   0.000000   1000000.000000
2.000000    7   0.185799   0.003850   0.007936   84.939454   -0.252132   82.301629   1000000.000000
2.000000    7   0.185799   0.003850   0.187612   84.939454   -0.252132   1.878297   1000000.000000
2.000000    7   0.185799   0.003850   -0.006769   84.939454   -0.252132   0.723698   1000000.000000
2.000000    7   0.185799   0.003850   -0.004963   84.939454   -0.252132   0.009007   1000000.000000
2.000000    7   0.185799   0.003850   0.001686   84.939454   -0.252132   -0.021651   1000000.000000
2.000000    7   0.185799   0.003850   0.000071   84.939454   -0.252132   0.015696   1000000.000000
2.000000    7   0.185799   0.003850   0.000100   84.939454   -0.252132   0.002753   1000000.000000
2.000000    7   0.185799   0.003850   0.000007   84.939454   -0.252132   -0.001336   1000000.000000
2.000000    7   0.185799   0.003850   0.000000   84.939454   -0.252132   0.000000   1000000.000000
2.000000    7   0.185799   0.003850   0.000000   84.939454   -0.252132   0.000000   1000000.000000
2.250000    8   0.083257   0.002686   -0.072932   84.842725   -0.181613   81.907982   1000000.000000
2.250000    8   0.083257   0.002686   0.153271   84.842725   -0.181613   2.085607   1000000.000000
2.250000    8   0.083257   0.002686   0.004293   84.842725   -0.181613   0.730684   1000000.000000
2.250000    8   0.083257   0.002686   -0.003736   84.842725   -0.181613   0.077275   1000000.000000
2.250000    8   0.083257   0.002686   0.002521   84.842725   -0.181613   0.005572   1000000.000000
2.250000    8   0.083257   0.002686   -0.000215   84.842725   -0.181613   0.008239   1000000.000000
2.250000    8   0.083257   0.002686   0.000114   84.842725   -0.181613   -0.005191   1000000.000000
2.250000    8   0.083257   0.002686   -0.000029   84.842725   -0.181613   -0.001009   1000000.000000
2.250000    8   0.083257   0.002686   0.000000   84.842725   -0.181613   0.000000   1000000.000000
2.250000    8   0.083257   0.002686   0.000000   84.842725   -0.181613   0.000000   1000000.000000
2.500000    9   0.011195   0.001142   -0.118221   84.806420   -0.133453   81.535341   1000000.000000
2.500000    9   0.011195   0.001142   0.118024   84.806420   -0.133453   2.410610   1000000.000000
2.500000    9   0.011195   0.001142   0.008750   84.806420   -0.133453   0.896105   1000000.000000
2.500000    9   0.011195   0.001142   -0.000094   84.806420   -0.133453   0.069347   1000000.000000
2.500000    9   0.011195   0.001142   0.002791   84.806420   -0.133453   -0.115848   1000000.000000
2.500000    9   0.011195   0.001142   -0.000156   84.806420   -0.133453   0.011826   1000000.000000
2.500000    9   0.011195   0.001142   0.000282   84.806420   -0.133453   -0.021602   1000000.000000
2.500000    9   0.011195   0.001142   0.000014   84.806420   -0.133453   0.004539   1000000.000000
2.500000    9   0.011195   0.001142   -0.000049   84.806420   -0.133453   -0.004868   1000000.000000
2.500000    9   0.011195   0.001142   0.000000   84.806420   -0.133453   0.000000   1000000.000000
2.750000    10   -0.032725   -0.002041   -0.127185   84.794242   -0.241161   81.080930   1000000.000000
2.750000    10   -0.032725   -0.002041   0.083282   84.794242   -0.241161   2.913887   1000000.000000
2.750000    10   -0.032725   -0.002041   0.003974   84.794242   -0.241161   0.858298   1000000.000000
2.750000    10   -0.032725   -0.002041   0.002517   84.794242   -0.241161   0.031572   1000000.000000
2.750000    10   -0.032725   -0.002041   0.004736   84.794242   -0.241161   -0.080096   1000000.000000
2.750000    10   -0.032725   -0.002041   -0.000261   84.794242   -0.241161   0.005573   1000000.000000
2.750000    10   -0.032725   -0.002041   0.000426   84.794242   -0.241161   -0.040030   1000000.000000
2.750000    10   -0.032725   -0.002041   -0.000031   84.794242   -0.241161   0.000732   1000000.000000
2.750000    10   -0.032725   -0.002041   -0.000053   84.794242   -0.241161   -0.005271   1000000.000000
2.750000    10   -0.032725   -0.002041   0.000000   84.794242   -0.241161   0.000000   1000000.000000
3.000000    11   -0.044948   -0.004161   -0.098953   84.875033   -0.125914   80.654202   1000000.000000
3.000000    11   -0.044948   -0.004161   0.054274   84.875033   -0.125914   3.499499   1000000.000000
3.000000    11   -0.044948   -0.004161   -0.010492   84.875033   -0.125914   0.866222   1000000.000000
3.000000    11   -0.044948   -0.004161   0.004606   84.875033   -0.125914   0.009226   1000000.000000
3.000000    11   -0.044948   -0.004161   0.006102   84.875033   -0.125914   -0.111801   1000000.000000
3.000000    11   -0.044948   -0.004161   -0.000800   84.875033   -0.125914   0.030074   1000000.000000
3.000000    11   -0.044948   -0.004161   0.000521   84.875033   -0.125914   -0.078223   1000000.000000
3.000000    11   -0.044948   -0.004161   -0.000066   84.875033   -0.125914   0.000640   1000000.000000
3.000000    11   -0.044948   -0.004161   -0.000062   84.875033   -0.125914   -0.005018   1000000.000000
3.000000    11   -0.044948   -0.004161   0.000000   84.875033   -0.125914   0.000000   1000000.000000
3.250000    12   -0.027115   -0.004813   -0.039702   85.084974   -0.335583   80.053268   1000000.000000
3.250000    12   -0.027115   -0.004813   0.030643   85.084974   -0.335583   3.915437   1000000.000000
3.250000    12   -0.027115   -0.004813   -0.032825   85.084974   -0.335583   1.287086   1000000.000000
3.250000    12   -0.027115   -0.004813   0.007009   85.084974   -0.335583   -0.082989   1000000.000000
3.250000    12   -0.027115   -0.004813   0.007920   85.084974   -0.335583   -0.120954   1000000.000000
3.250000    12   -0.027115   -0.004813   -0.000761   85.084974   -0.335583   0.022830   1000000.000000
3.250000    12   -0.027115   -0.004813   0.000543   85.084974   -0.335583   -0.039847   1000000.000000
3.250000    12   -0.027115   -0.004813   0.000014   85.084974   -0.335583   0.020055   1000000.000000
3.250000    12   -0.027115   -0.004813   0.000012   85.084974   -0.335583   0.002596   1000000.000000
3.250000    12   -0.027115   -0.004813   -0.000004   85.084974   -0.335583   0.001419   1000000.000000
3.500000    13   0.019325   -0.004703   0.047915   85.171288   0.091402   79.588067   1000000.000000
3.500000    13   0.019325   -0.004703   0.014452   85.171288   0.091402   4.337670   1000000.000000
3.500000    13   0.019325   -0.004703   -0.060876   85.171288   0.091402   1.494934   1000000.000000
3.500000    13   0.019325   -0.004703   0.006657   85.171288   0.091402   -0.209654   1000000.000000
3.500000    13   0.019325   -0.004703   0.011409   85.171288   0.091402   -0.131885   1000000.000000
3.500000    13   0.019325   -0.004703   -0.000582   85.171288   0.091402   0.052249   1000000.000000
3.500000    13   0.019325   -0.004703   0.000648   85.171288   0.091402   0.005315   1000000.000000
3.500000    13   0.019325   -0.004703   -0.000100   85.171288   0.091402   0.020571   1000000.000000
3.500000    13   0.019325   -0.004703   -0.000023   85.171288   0.091402   -0.004098   1000000.000000
3.500000    13   0.019325   -0.004703   -0.000041   85.171288   0.091402   0.001178   1000000.000000
3.750000    14   0.081556   -0.003632   0.156594   85.388734   -0.095700   79.034525   1000000.000000
3.750000    14   0.081556   -0.003632   0.000275   85.388734   -0.095700   4.911960   1000000.000000
3.750000    14   0.081556   -0.003632   -0.091533   85.388734   -0.095700   1.483667   1000000.000000
3.750000    14   0.081556   -0.003632   0.002113   85.388734   -0.095700   -0.240947   1000000.000000
3.750000    14   0.081556   -0.003632   0.015021   85.388734   -0.095700   0.090228   1000000.000000
3.750000    14   0.081556   -0.003632   -0.001715   85.388734   -0.095700   -0.005854   1000000.000000
3.750000    14   0.081556   -0.003632   0.000702   85.388734   -0.095700   0.063619   1000000.000000
3.750000    14   0.081556   -0.003632   -0.000088   85.388734   -0.095700   0.028402   1000000.000000
3.750000    14   0.081556   -0.003632   0.000085   85.388734   -0.095700   -0.001545   1000000.000000
3.750000    14   0.081556   -0.003632   -0.000031   85.388734   -0.095700   0.001353   1000000.000000
4.000000    15   0.159405   -0.000700   0.275352   85.114480   0.261028   78.472719   1000000.000000
4.000000    15   0.159405   -0.000700   -0.008604   85.114480   0.261028   5.518768   1000000.000000
4.000000    15   0.159405   -0.000700   -0.122741   85.114480   0.261028   1.398939   1000000.000000
4.000000    15   0.159405   -0.000700   -0.003084   85.114480   0.261028   -0.050900   1000000.000000
4.000000    15   0.159405   -0.000700   0.017136   85.114480   0.261028   -0.289963   1000000.000000
4.000000    15   0.159405   -0.000700   0.000126   85.114480   0.261028   -0.037557   1000000.000000
4.000000    15   0.159405   -0.000700   0.001407   85.114480   0.261028   0.022033   1000000.000000
4.000000    15   0.159405   -0.000700   -0.000810   85.114480   0.261028   0.088461   1000000.000000
4.000000    15   0.159405   -0.000700   0.000290   85.114480   0.261028   -0.035714   1000000.000000
4.000000    15   0.159405   -0.000700   0.000028   85.114480   0.261028   0.000970   1000000.000000
4.250000    16   0.249318   -0.003256   0.393143   85.179900   0.276880   78.048653   1000000.000000
4.250000    16   0.249318   -0.003256   -0.010204   85.179900   0.276880   6.048066   1000000.000000
4.250000    16   0.249318   -0.003256   -0.149746   85.179900   0.276880   1.594536   1000000.000000
4.250000    16   0.249318   -0.003256   -0.007178   85.179900   0.276880   -0.267502   1000000.000000
4.250000    16   0.249318   -0.003256   0.021219   85.179900   0.276880   -0.402982   1000000.000000
4.250000    16   0.249318   -0.003256   0.001214   85.179900   0.276880   -0.055690   1000000.000000
4.250000    16   0.249318   -0.003256   0.001153   85.179900   0.276880   0.059215   1000000.000000
4.250000    16   0.249318   -0.003256   -0.000587   85.179900   0.276880   0.141201   1000000.000000
4.250000    16   0.249318   -0.003256   0.000301   85.179900   0.276880   -0.004519   1000000.000000
4.250000    16   0.249318   -0.003256   0.000002   85.179900   0.276880   0.000950   1000000.000000
4.500000    17   0.330452   -0.000066   0.497251   85.545269   -0.322965   77.657895   1000000.000000
4.500000    17   0.330452   -0.000066   -0.004914   85.545269   -0.322965   6.535156   1000000.000000
4.500000    17   0.330452   -0.000066   -0.175402   85.545269   -0.322965   1.851772   1000000.000000
4.500000    17   0.330452   -0.000066   -0.015168   85.545269   -0.322965   -0.204455   1000000.000000
4.500000    17   0.330452   -0.000066   0.024971   85.545269   -0.322965   -0.491508   1000000.000000
4.500000    17   0.330452   -0.000066   0.003715   85.545269   -0.322965   -0.145608   1000000.000000
4.500000    17   0.330452   -0.000066   0.000396   85.545269   -0.322965   0.097844   1000000.000000
4.500000    17   0.330452   -0.000066   0.000219   85.545269   -0.322965   0.154065   1000000.000000
4.500000    17   0.330452   -0.000066   -0.000856   85.545269   -0.322965   0.005599   1000000.000000
4.500000    17   0.330452   -0.000066   0.000353   85.545269   -0.322965   0.048236   1000000.000000
4.750000    18   0.398192   -0.002438   0.580454   85.812178   -0.054049   77.328199   1000000.000000
4.750000    18   0.398192   -0.002438   0.003459   85.812178   -0.054049   6.996702   1000000.000000
4.750000    18   0.398192   -0.002438   -0.197925   85.812178   -0.054049   1.827929   1000000.000000
4.750000    18   0.398192   -0.002438   -0.017955   85.812178   -0.054049   -0.268057   1000000.000000
4.750000    18   0.398192   -0.002438   0.027612   85.812178   -0.054049   -0.608869   1000000.000000
4.750000    18   0.398192   -0.002438   0.006504   85.812178   -0.054049   0.033914   1000000.000000
4.750000    18   0.398192   -0.002438   -0.002529   85.812178   -0.054049   0.276882   1000000.000000
4.750000    18   0.398192   -0.002438   -0.000330   85.812178   -0.054049   0.129166   1000000.000000
4.750000    18   0.398192   -0.002438   -0.000935   85.812178   -0.054049   0.061839   1000000.000000
4.750000    18   0.398192   -0.002438   0.000043   85.812178   -0.054049   0.007861   1000000.000000
5.000000    19   0.457156   0.001454   0.634910   86.220434   0.646167   76.925125   1000000.000000
5.000000    19   0.457156   0.001454   0.025927   86.220434   0.646167   7.248003   1000000.000000
5.000000    19   0.457156   0.001454   -0.212483   86.220434   0.646167   2.327966   1000000.000000
5.000000    19   0.457156   0.001454   -0.027254   86.220434   0.646167   -0.511701   1000000.000000
5.000000    19   0.457156   0.001454   0.032394   86.220434   0.646167   -0.507599   1000000.000000
5.000000    19   0.457156   0.001454   0.007318   86.220434   0.646167   0.078381   1000000.000000
5.000000    19   0.457156   0.001454   -0.003002   86.220434   0.646167   0.394713   1000000.000000
5.000000    19   0.457156   0.001454   0.000657   86.220434   0.646167   0.259584   1000000.000000
5.000000    19   0.457156   0.001454   -0.000535   86.220434   0.646167   0.031930   1000000.000000
5.000000    19   0.457156   0.001454   -0.000596   86.220434   0.646167   -0.060250   1000000.000000
5.250000    20   0.482519   -0.004504   0.655532   85.913895   0.734186   76.479170   999999.000000
5.250000    20   0.482519   -0.004504   0.045239   85.913895   0.734186   7.505956   999999.000000
5.250000    20   0.482519   -0.004504   -0.222815   85.913895   0.734186   2.456704   999999.000000
5.250000    20   0.482519   -0.004504   -0.033372   85.913895   0.734186   -0.538158   999999.000000
5.250000    20   0.482519   -0.004504   0.035250   85.913895   0.734186   -0.928259   999999.000000
5.250000    20   0.482519   -0.004504   0.006417   85.913895   0.734186   0.316864   999999.000000
5.250000    20   0.482519   -0.004504   -0.003076   85.913895   0.734186   0.318092   999999.000000
5.250000    20   0.482519   -0.004504   0.000202   85.913895   0.734186   0.310803   999999.000000
5.250000    20   0.482519   -0.004504   -0.000124   85.913895   0.734186   -0.053798   999999.000000
5.250000    20   0.482519   -0.004504   -0.000732   85.913895   0.734186   0.032871   999999.000000
5.500000    21   0.503107   -0.002462   0.643643   85.658120   0.776413   76.090164   999995.000000
5.500000    21   0.503107   -0.002462   0.070357   85.658120   0.776413   7.833589   999995.000000
5.500000    21   0.503107   -0.002462   -0.216945   85.658120   0.776413   2.523290   999995.000000
5.500000    21   0.503107   -0.002462   -0.040040   85.658120   0.776413   -0.795451   999995.000000
5.500000    21   0.503107   -0.002462   0.036890   85.658120   0.776413   -0.853893   999995.000000
5.500000    21   0.503107   -0.002462   0.008733   85.658120   0.776413   0.329648   999995.000000
5.500000    21   0.503107   -0.002462   -0.001656   85.658120   0.776413   0.247406   999995.000000
5.500000    21   0.503107   -0.002462   0.003138   85.658120   0.776413   0.271991   999995.000000
5.500000    21   0.503107   -0.002462   -0.000172   85.658120   0.776413   -0.081955   999995.000000
5.500000    21   0.503107   -0.002462   -0.001219   85.658120   0.776413   0.058707   999995.000000
5.750000    22   0.477343   0.009508   0.602202   85.694652   0.843450   75.589179   999994.000000
5.750000    22   0.477343   0.009508   0.088151   85.694652   0.843450   8.063252   999994.000000
5.750000    22   0.477343   0.009508   -0.208630   85.694652   0.843450   3.138253   999994.000000
5.750000    22   0.477343   0.009508   -0.045128   85.694652   0.843450   -0.900004   999994.000000
5.750000    22   0.477343   0.009508   0.030169   85.694652   0.843450   -1.285432   999994.000000
5.750000    22   0.477343   0.009508   0.007978   85.694652   0.843450   0.328991   999994.000000
5.750000    22   0.477343   0.009508   0.001885   85.694652   0.843450   0.385571   999994.000000
5.750000    22   0.477343   0.009508   0.003790   85.694652   0.843450   0.248652   999994.000000
5.750000    22   0.477343   0.009508   -0.002268   85.694652   0.843450   -0.020635   999994.000000
5.750000    22   0.477343   0.009508   -0.000876   85.694652   0.843450   0.066825   999994.000000
6.000000    23   0.423723   0.014086   0.533289   86.641925   0.828882   75.249493   999991.000000
6.000000    23   0.423723   0.014086   0.097465   86.641925   0.828882   8.243607   999991.000000
6.000000    23   0.423723   0.014086   -0.192054   86.641925   0.828882   3.528277   999991.000000
6.000000    23   0.423723   0.014086   -0.049042   86.641925   0.828882   -0.753468   999991.000000
6.000000    23   0.423723   0.014086   0.027518   86.641925   0.828882   -0.792522   999991.000000
6.000000    23   0.423723   0.014086   0.003051   86.641925   0.828882   0.465104   999991.000000
6.000000    23   0.423723   0.014086   0.004819   86.641925   0.828882   0.063043   999991.000000
6.000000    23   0.423723   0.014086   0.000719   86.641925   0.828882   0.296934   999991.000000
6.000000    23   0.423723   0.014086   -0.002709   86.641925   0.828882   0.096819   999991.000000
6.000000    23   0.423723   0.014086   0.000183   86.641925   0.828882   0.127753   999991.000000
6.250000    24   0.362397   0.000161   0.442844   85.133269   -0.673978   74.923749   999989.000000
6.250000    24   0.362397   0.000161   0.106135   85.133269   -0.673978   8.399140   999989.000000
6.250000    24   0.362397   0.000161   -0.168070   85.133269   -0.673978   2.857726   999989.000000
6.250000    24   0.362397   0.000161   -0.050490   85.133269   -0.673978   -1.190655   999989.000000
6.250000    24   0.362397   0.000161   0.025859   85.133269   -0.673978   -0.398565   999989.000000
6.250000    24   0.362397   0.000161   0.007603   85.133269   -0.673978   0.000507   999989.000000
6.250000    24   0.362397   0.000161   0.004744   85.133269   -0.673978   -0.054101   999989.000000
6.250000    24   0.362397   0.000161   -0.003707   85.133269   -0.673978   0.224202   999989.000000
6.250000    24   0.362397   0.000161   -0.004156   85.133269   -0.673978   0.132402   999989.000000
6.250000    24   0.362397   0.000161   -0.000667   85.133269   -0.673978   0.141535   999989.000000
6.500000    25   0.284404   -0.003828   0.339787   85.283009   -0.806256   74.572726   999984.000000
6.500000    25   0.284404   -0.003828   0.111275   85.283009   -0.806256   8.440313   999984.000000
6.500000    25   0.284404   -0.003828   -0.146482   85.283009   -0.806256   3.425613   999984.000000
6.500000    25   0.284404   -0.003828   -0.039548   85.283009   -0.806256   -1.235771   999984.000000
6.500000    25   0.284404   -0.003828   0.025951   85.283009   -0.806256   -0.769632   999984.000000
6.500000    25   0.284404   -0.003828   -0.006824   85.283009   -0.806256   0.661187   999984.000000
6.500000    25   0.284404   -0.003828   0.002654   85.283009   -0.806256   -0.459534   999984.000000
6.500000    25   0.284404   -0.003828   0.002746   85.283009   -0.806256   0.214036   999984.000000
6.500000    25   0.284404   -0.003828   -0.007089   85.283009   -0.806256   0.168467   999984.000000
6.500000    25   0.284404   -0.003828   -0.000533   85.283009   -0.806256   0.111039   999984.000000
6.750000    26   0.206065   -0.001610   0.231155   83.543896   -1.388308   73.971096   999979.000000
6.750000    26   0.206065   -0.001610   0.112891   83.543896   -1.388308   8.750620   999979.000000
6.750000    26   0.206065   -0.001610   -0.128083   83.543896   -1.388308   3.267996   999979.000000
6.750000    26   0.206065   -0.001610   -0.035826   83.543896   -1.388308   -1.026419   999979.000000
6.750000    26   0.206065   -0.001610   0.024229   83.543896   -1.388308   -1.763474   999979.000000
6.750000    26   0.206065   -0.001610   -0.003784   83.543896   -1.388308   1.318467   999979.000000
6.750000    26   0.206065   -0.001610   0.010101   83.543896   -1.388308   -0.918963   999979.000000
6.750000    26   0.206065   -0.001610   0.003978   83.543896   -1.388308   0.187308   999979.000000
6.750000    26   0.206065   -0.001610   -0.008339   83.543896   -1.388308   -0.316316   999979.000000
6.750000    26   0.206065   -0.001610   -0.002152   83.543896   -1.388308   -0.005904   999979.000000
7.000000    27   0.116528   0.007104   0.129049   85.181806   -2.773963   73.625015   999970.000000
7.000000    27   0.116528   0.007104   0.100945   85.181806   -2.773963   8.949124   999970.000000
7.000000    27   0.116528   0.007104   -0.121077   85.181806   -2.773963   3.598470   999970.000000
7.000000    27   0.116528   0.007104   -0.036266   85.181806   -2.773963   -1.562383   999970.000000
7.000000    27   0.116528   0.007104   0.037498   85.181806   -2.773963   -2.503991   999970.000000
7.000000    27   0.116528   0.007104   0.000815   85.181806   -2.773963   1.835025   999970.000000
7.000000    27   0.116528   0.007104   0.011923   85.181806   -2.773963   0.018184   999970.000000
7.000000    27   0.116528   0.007104   0.002371   85.181806   -2.773963   0.661889   999970.000000
7.000000    27   0.116528   0.007104   -0.008609   85.181806   -2.773963   0.288572   999970.000000
7.000000    27   0.116528   0.007104   -0.002920   85.181806   -2.773963   0.205455   999970.000000
7.250000    28   0.006836   0.003242   0.037399   84.359400   -1.054126   73.043570   999955.000000
7.250000    28   0.006836   0.003242   0.091887   84.359400   -1.054126   9.475790   999955.000000
7.250000    28   0.006836   0.003242   -0.113335   84.359400   -1.054126   3.611438   999955.000000
7.250000    28   0.006836   0.003242   -0.045084   84.359400   -1.054126   -2.757839   999955.000000
7.250000    28   0.006836   0.003242   0.039266   84.359400   -1.054126   -2.282234   999955.000000
7.250000    28   0.006836   0.003242   -0.000301   84.359400   -1.054126   2.535853   999955.000000
7.250000    28   0.006836   0.003242   0.014351   84.359400   -1.054126   -0.291002   999955.000000
7.250000    28   0.006836   0.003242   -0.006444   84.359400   -1.054126   0.484927   999955.000000
7.250000    28   0.006836   0.003242   -0.009723   84.359400   -1.054126   0.448764   999955.000000
7.250000    28   0.006836   0.003242   -0.002185   84.359400   -1.054126   0.172219   999955.000000
7.500000    29   -0.083003   -0.000949   -0.036775   84.096249   -1.091520   71.911492   999934.000000
7.500000    29   -0.083003   -0.000949   0.072542   84.096249   -1.091520   9.679852   999934.000000
7.500000    29   -0.083003   -0.000949   -0.112619   84.096249   -1.091520   4.068934   999934.000000
7.500000    29   -0.083003   -0.000949   -0.050690   84.096249   -1.091520   -2.668543   999934.000000
7.500000    29   -0.083003   -0.000949   0.038528   84.096249   -1.091520   -1.539445   999934.000000
7.500000    29   -0.083003   -0.000949   0.004991   84.096249   -1.091520   1.857761   999934.000000
7.500000    29   -0.083003   -0.000949   0.019437   84.096249   -1.091520   -0.151615   999934.000000
7.500000    29   -0.083003   -0.000949   -0.003048   84.096249   -1.091520   0.596772   999934.000000
7.500000    29   -0.083003   -0.000949   -0.014511   84.096249   -1.091520   0.341920   999934.000000
7.500000    29   -0.083003   -0.000949   -0.001040   84.096249   -1.091520   -0.263669   999934.000000
7.750000    30   -0.173222   -0.002056   -0.082663   84.855259   -3.835247   71.254297   999912.000000
7.750000    30   -0.173222   -0.002056   0.044150   84.855259   -3.835247   9.963432   999912.000000
7.750000    30   -0.173222   -0.002056   -0.124770   84.855259   -3.835247   5.016885   999912.000000
7.750000    30   -0.173222   -0.002056   -0.032203   84.855259   -3.835247   -3.492011   999912.000000
7.750000    30   -0.173222   -0.002056   0.043989   84.855259   -3.835247   -1.366166   999912.000000
7.750000    30   -0.173222   -0.002056   0.003017   84.855259   -3.835247   2.130969   999912.000000
7.750000    30   -0.173222   -0.002056   0.009733   84.855259   -3.835247   -0.143579   999912.000000
7.750000    30   -0.173222   -0.002056   -0.005495   84.855259   -3.835247   1.659151   999912.000000
7.750000    30   -0.173222   -0.002056   -0.030327   84.855259   -3.835247   0.150343   999912.000000
7.750000    30   -0.173222   -0.002056   0.002498   84.855259   -3.835247   -0.149339   999912.000000
8.000000    31   -0.175462   -0.017259   -0.095350   81.979545   -3.271734   71.275111   999885.000000
8.000000    31   -0.175462   -0.017259   0.019309   81.979545   -3.271734   9.943895   999885.000000
8.000000    31   -0.175462   -0.017259   -0.142659   81.979545   -3.271734   5.299699   999885.000000
8.000000    31   -0.175462   -0.017259   -0.016267   81.979545   -3.271734   -4.061249   999885.000000
8.000000    31   -0.175462   -0.017259   0.058718   81.979545   -3.271734   -3.500854   999885.000000
8.000000    31   -0.175462   -0.017259   0.030449   81.979545   -3.271734   2.141564   999885.000000
8.000000    31   -0.175462   -0.017259   0.008564   81.979545   -3.271734   -0.542986   999885.000000
8.000000    31   -0.175462   -0.017259   -0.011717   81.979545   -3.271734   1.887261   999885.000000
8.000000    31   -0.175462   -0.017259   -0.040973   81.979545   -3.271734   0.178732   999885.000000
8.000000    31   -0.175462   -0.017259   0.015738   81.979545   -3.271734   -0.367238   999885.000000
8.250000    32   -0.168240   -0.015440   -0.077150   82.891603   -2.927778   71.188712   999856.000000
8.250000    32   -0.168240   -0.015440   -0.008275   82.891603   -2.927778   10.134286   999856.000000
8.250000    32   -0.168240   -0.015440   -0.178510   82.891603   -2.927778   5.660527   999856.000000
8.250000    32   -0.168240   -0.015440   0.005063   82.891603   -2.927778   -3.281894   999856.000000
8.250000    32   -0.168240   -0.015440   0.076244   82.891603   -2.927778   -4.214520   999856.000000
8.250000    32   -0.168240   -0.015440   0.034631   82.891603   -2.927778   2.455046   999856.000000
8.250000    32   -0.168240   -0.015440   0.003658   82.891603   -2.927778   -0.570306   999856.000000
8.250000    32   -0.168240   -0.015440   -0.009220   82.891603   -2.927778   1.536554   999856.000000
8.250000    32   -0.168240   -0.015440   -0.030206   82.891603   -2.927778   0.582300   999856.000000
8.250000    32   -0.168240   -0.015440   0.012794   82.891603   -2.927778   -0.145955   999856.000000
8.500000    33   -0.158133   0.005789   -0.027501   81.129917   -1.345359   71.225874   999820.000000
8.500000    33   -0.158133   0.005789   -0.020788   81.129917   -1.345359   10.721999   999820.000000
8.500000    33   -0.158133   0.005789   -0.214396   81.129917   -1.345359   5.097421   999820.000000
8.500000    33   -0.158133   0.005789   0.004348   81.129917   -1.345359   -3.691918   999820.000000
8.500000    33   -0.158133   0.005789   0.074041   81.129917   -1.345359   -3.894322   999820.000000
8.500000    33   -0.158133   0.005789   0.020337   81.129917   -1.345359   2.077600   999820.000000
8.500000    33   -0.158133   0.005789   0.006779   81.129917   -1.345359   -2.229763   999820.000000
8.500000    33   -0.158133   0.005789   -0.000478   81.129917   -1.345359   2.263636   999820.000000
8.500000    33   -0.158133   0.005789   -0.020880   81.129917   -1.345359   0.685713   999820.000000
8.500000    33   -0.158133   0.005789   0.012291   81.129917   -1.345359   -0.654239   999820.000000
8.750000    34   -0.161165   0.035245   0.042083   75.130704   -1.095917   70.763029   999765.000000
8.750000    34   -0.161165   0.035245   -0.040455   75.130704   -1.095917   11.149562   999765.000000
8.750000    34   -0.161165   0.035245   -0.257594   75.130704   -1.095917   4.082148   999765.000000
8.750000    34   -0.161165   0.035245   -0.009259   75.130704   -1.095917   -4.070382   999765.000000
8.750000    34   -0.161165   0.035245   0.075958   75.130704   -1.095917   -4.576787   999765.000000
8.750000    34   -0.161165   0.035245   0.004083   75.130704   -1.095917   1.496779   999765.000000
8.750000    34   -0.161165   0.035245   0.005463   75.130704   -1.095917   -2.439198   999765.000000
8.750000    34   -0.161165   0.035245   0.012193   75.130704   -1.095917   1.905317   999765.000000
8.750000    34   -0.161165   0.035245   -0.025132   75.130704   -1.095917   -0.424275   999765.000000
8.750000    34   -0.161165   0.035245   0.020790   75.130704   -1.095917   -1.437020   999765.000000
9.000000    35   -0.132298   0.052153   0.124279   71.916900   -0.025557   70.147486   999705.000000
9.000000    35   -0.132298   0.052153   -0.052800   71.916900   -0.025557   11.769564   999705.000000
9.000000    35   -0.132298   0.052153   -0.299146   71.916900   -0.025557   4.639326   999705.000000
9.000000    35   -0.132298   0.052153   0.006222   71.916900   -0.025557   -4.137513   999705.000000
9.000000    35   -0.132298   0.052153   0.069430   71.916900   -0.025557   -4.407811   999705.000000
9.000000    35   -0.132298   0.052153   -0.020598   71.916900   -0.025557   1.751695   999705.000000
9.000000    35   -0.132298   0.052153   0.002146   71.916900   -0.025557   -4.090889   999705.000000
9.000000    35   -0.132298   0.052153   0.024813   71.916900   -0.025557   0.334901   999705.000000
9.000000    35   -0.132298   0.052153   -0.028435   71.916900   -0.025557   -0.755432   999705.000000
9.000000    35   -0.132298   0.052153   0.029149   71.916900   -0.025557   -1.532366   999705.000000
9.250000    36   -0.046638   0.051152   0.217474   76.606722   4.059839   70.337097   999657.000000
9.250000    36   -0.046638   0.051152   -0.052147   76.606722   4.059839   12.346166   999657.000000
9.250000    36   -0.046638   0.051152   -0.348147   76.606722   4.059839   5.708478   999657.000000
9.250000    36   -0.046638   0.051152   -0.007164   76.606722   4.059839   -4.037177   999657.000000
9.250000    36   -0.046638   0.051152   0.085073   76.606722   4.059839   -2.727029   999657.000000
9.250000    36   -0.046638   0.051152   -0.022186   76.606722   4.059839   1.859887   999657.000000
9.250000    36   -0.046638   0.051152   0.055127   76.606722   4.059839   -3.382205   999657.000000
9.250000    36   -0.046638   0.051152   0.009650   76.606722   4.059839   1.128629   999657.000000
9.250000    36   -0.046638   0.051152   -0.023568   76.606722   4.059839   -0.573369   999657.000000
9.250000    36   -0.046638   0.051152   0.031883   76.606722   4.059839   -1.317203   999657.000000
9.500000    37   -0.034796   0.000279   0.307953   78.532734   8.608115   69.418447   999572.000000
9.500000    37   -0.034796   0.000279   -0.059168   78.532734   8.608115   12.941701   999572.000000
9.500000    37   -0.034796   0.000279   -0.390927   78.532734   8.608115   6.010109   999572.000000
9.500000    37   -0.034796   0.000279   -0.006389   78.532734   8.608115   -3.695178   999572.000000
9.500000    37   -0.034796   0.000279   0.057792   78.532734   8.608115   -1.840564   999572.000000
9.500000    37   -0.034796   0.000279   -0.013824   78.532734   8.608115   2.019752   999572.000000
9.500000    37   -0.034796   0.000279   0.073460   78.532734   8.608115   -3.983710   999572.000000
9.500000    37   -0.034796   0.000279   -0.013176   78.532734   8.608115   1.110667   999572.000000
9.500000    37   -0.034796   0.000279   -0.022213   78.532734   8.608115   -0.749555   999572.000000
9.500000    37   -0.034796   0.000279   0.032967   78.532734   8.608115   -0.443767   999572.000000
9.750000    38   -0.010232   -0.006011   0.394284   75.775839   4.205952   69.364352   999499.000000
9.750000    38   -0.010232   -0.006011   -0.055955   75.775839   4.205952   13.126167   999499.000000
9.750000    38   -0.010232   -0.006011   -0.411092   75.775839   4.205952   3.610989   999499.000000
9.750000    38   -0.010232   -0.006011   -0.011648   75.775839   4.205952   -2.069150   999499.000000
9.750000    38   -0.010232   -0.006011   0.059699   75.775839   4.205952   -3.319238   999499.000000
9.750000    38   -0.010232   -0.006011   -0.018261   75.775839   4.205952   0.846107   999499.000000
9.750000    38   -0.010232   -0.006011   0.038129   75.775839   4.205952   -2.684369   999499.000000
9.750000    38   -0.010232   -0.006011   -0.049926   75.775839   4.205952   1.061344   999499.000000
9.750000    38   -0.010232   -0.006011   0.006418   75.775839   4.205952   -1.161642   999499.000000
9.750000    38   -0.010232   -0.006011   0.033269   75.775839   4.205952   -1.087769   999499.000000
10.000000    39   -0.069493   0.064219   0.466932   83.638247   -1.639362   68.978130   999402.000000
10.000000    39   -0.069493   0.064219   -0.059617   83.638247   -1.639362   12.941519   999402.000000
10.000000    39   -0.069493   0.064219   -0.416200   83.638247   -1.639362   3.902297   999402.000000
10.000000    39   -0.069493   0.064219   -0.010185   83.638247   -1.639362   -0.631286   999402.000000
10.000000    39   -0.069493   0.064219   0.052600   83.638247   -1.639362   -1.507999   999402.000000
10.000000    39   -0.069493   0.064219   -0.018279   83.638247   -1.639362   -0.437024   999402.000000
10.000000    39   -0.069493   0.064219   0.006091   83.638247   -1.639362   -5.043435   999402.000000
10.000000    39   -0.069493   0.064219   -0.051794   83.638247   -1.639362   4.120447   999402.000000
10.000000    39   -0.069493   0.064219   -0.003492   83.638247   -1.639362   3.921117   999402.000000
10.000000    39   -0.069493   0.064219   -0.022091   83.638247   -1.639362   -3.416471   999402.000000
10.250000    40   -0.013273   0.053564   0.523859   83.158784   10.005925   68.666299   999276.000000
10.250000    40   -0.013273   0.053564   -0.043209   83.158784   10.005925   13.053426   999276.000000
10.250000    40   -0.013273   0.053564   -0.414938   83.158784   10.005925   5.451390   999276.000000
10.250000    40   -0.013273   0.053564   -0.030782   83.158784   10.005925   -0.389070   999276.000000
10.250000    40   -0.013273   0.053564   0.071632   83.158784   10.005925   -1.863093   999276.000000
10.250000    40   -0.013273   0.053564   -0.011080   83.158784   10.005925   -0.484044   999276.000000
10.250000    40   -0.013273   0.053564   -0.004389   83.158784   10.005925   -2.766248   999276.000000
10.250000    40   -0.013273   0.053564   -0.067911   83.158784   10.005925   2.863204   999276.000000
10.250000    40   -0.013273   0.053564   -0.022431   83.158784   10.005925   4.661992   999276.000000
10.250000    40   -0.013273   0.053564   -0.017179   83.158784   10.005925   -4.633278   999276.000000
10.500000    41   -0.035481   0.027948   0.558023   83.914710   12.536510   68.615735   999173.000000
10.500000    41   -0.035481   0.027948   -0.025688   83.914710   12.536510   14.003049   999173.000000
10.500000    41   -0.035481   0.027948   -0.410064   83.914710   12.536510   5.798602   999173.000000
10.500000    41   -0.035481   0.027948   -0.070320   83.914710   12.536510   -1.586033   999173.000000
10.500000    41   -0.035481   0.027948   0.048283   83.914710   12.536510   -1.935663   999173.000000
10.500000    41   -0.035481   0.027948   0.004896   83.914710   12.536510   1.261599   999173.000000
10.500000    41   -0.035481   0.027948   -0.031047   83.914710   12.536510   0.591839   999173.000000
10.500000    41   -0.035481   0.027948   -0.055197   83.914710   12.536510   4.293968   999173.000000
10.500000    41   -0.035481   0.027948   -0.042206   83.914710   12.536510   6.315989   999173.000000
10.500000    41   -0.035481   0.027948   -0.024499   83.914710   12.536510   -10.202182   999173.000000
10.750000    42   -0.005515   -0.109320   0.559970   81.162550   6.623948   68.799370   999021.000000
10.750000    42   -0.005515   -0.109320   -0.009667   81.162550   6.623948   14.152559   999021.000000
10.750000    42   -0.005515   -0.109320   -0.388722   81.162550   6.623948   4.697828   999021.000000
10.750000    42   -0.005515   -0.109320   -0.052376   81.162550   6.623948   -2.747396   999021.000000
10.750000    42   -0.005515   -0.109320   0.072768   81.162550   6.623948   -6.845806   999021.000000
10.750000    42   -0.005515   -0.109320   -0.007510   81.162550   6.623948   2.235535   999021.000000
10.750000    42   -0.005515   -0.109320   -0.002716   81.162550   6.623948   3.132462   999021.000000
10.750000    42   -0.005515   -0.109320   -0.033636   81.162550   6.623948   3.183465   999021.000000
10.750000    42   -0.005515   -0.109320   -0.106981   81.162550   6.623948   6.230067   999021.000000
10.750000    42   -0.005515   -0.109320   -0.052095   81.162550   6.623948   -10.394435   999021.000000
11.000000    43   0.053751   -0.236476   0.531662   89.131501   9.430217   68.489578   998854.000000
11.000000    43   0.053751   -0.236476   0.011181   89.131501   9.430217   14.826664   998854.000000
11.000000    43   0.053751   -0.236476   -0.345368   89.131501   9.430217   4.130408   998854.000000
11.000000    43   0.053751   -0.236476   -0.099317   89.131501   9.430217   -2.066199   998854.000000
11.000000    43   0.053751   -0.236476   0.092918   89.131501   9.430217   -9.012406   998854.000000
11.000000    43   0.053751   -0.236476   0.001443   89.131501   9.430217   2.950712   998854.000000
11.000000    43   0.053751   -0.236476   0.012859   89.131501   9.430217   2.393554   998854.000000
11.000000    43   0.053751   -0.236476   0.019071   89.131501   9.430217   2.218272   998854.000000
11.000000    43   0.053751   -0.236476   -0.127443   89.131501   9.430217   13.187776   998854.000000
11.000000    43   0.053751   -0.236476   -0.076832   89.131501   9.430217   -9.174666   998854.000000
11.250000    44   -0.055898   -0.299612   0.474562   74.604243   15.886247   67.824389   998677.000000
11.250000    44   -0.055898   -0.299612   0.026909   74.604243   15.886247   14.005593   998677.000000
11.250000    44   -0.055898   -0.299612   -0.300832   74.604243   15.886247   2.839460   998677.000000
11.250000    44   -0.055898   -0.299612   -0.143473   74.604243   15.886247   -0.519400   998677.000000
11.250000    44   -0.055898   -0.299612   0.088910   74.604243   15.886247   -8.603117   998677.000000
11.250000    44   -0.055898   -0.299612   0.030183   74.604243   15.886247   5.709660   998677.000000
11.250000    44   -0.055898   -0.299612   0.012024   74.604243   15.886247   -3.660187   998677.000000
11.250000    44   -0.055898   -0.299612   0.016444   74.604243   15.886247   -1.118790   998677.000000
11.250000    44   -0.055898   -0.299612   -0.174747   74.604243   15.886247   6.685261   998677.000000
11.250000    44   -0.055898   -0.299612   -0.109329   74.604243   15.886247   -9.671528   998677.000000
11.500000    45   -0.052546   -0.339339   0.402511   79.434661   26.673188   67.958255   998490.000000
11.500000    45   -0.052546   -0.339339   0.039090   79.434661   26.673188   13.769212   998490.000000
11.500000    45   -0.052546   -0.339339   -0.297301   79.434661   26.673188   1.801231   998490.000000
11.500000    45   -0.052546   -0.339339   -0.139243   79.434661   26.673188   -1.523741   998490.000000
11.500000    45   -0.052546   -0.339339   0.097687   79.434661   26.673188   -8.514995   998490.000000
11.500000    45   -0.052546   -0.339339   0.041214   79.434661   26.673188   7.643893   998490.000000
11.500000    45   -0.052546   -0.339339   -0.004064   79.434661   26.673188   -3.518737   998490.000000
11.500000    45   -0.052546   -0.339339   0.041014   79.434661   26.673188   2.559563   998490.000000
11.500000    45   -0.052546   -0.339339   -0.196580   79.434661   26.673188   8.821524   998490.000000
11.500000    45   -0.052546   -0.339339   -0.057547   79.434661   26.673188   -10.195748   998490.000000
11.750000    46   -0.280574   -0.419105   0.310354   78.351089   19.796635   67.415555   998254.000000
11.750000    46   -0.280574   -0.419105   0.048618   78.351089   19.796635   14.439892   998254.000000
11.750000    46   -0.280574   -0.419105   -0.301392   78.351089   19.796635   0.416697   998254.000000
11.750000    46   -0.280574   -0.419105   -0.055928   78.351089   19.796635   -0.170544   998254.000000
11.750000    46   -0.280574   -0.419105   0.014216   78.351089   19.796635   -18.642282   998254.000000
11.750000    46   -0.280574   -0.419105   0.001111   78.351089   19.796635   7.776296   998254.000000
11.750000    46   -0.280574   -0.419105   -0.015557   78.351089   19.796635   -1.712365   998254.000000
11.750000    46   -0.280574   -0.419105   -0.035187   78.351089   19.796635   8.405189   998254.000000
11.750000    46   -0.280574   -0.419105   -0.149298   78.351089   19.796635   10.291373   998254.000000
11.750000    46   -0.280574   -0.419105   -0.107058   78.351089   19.796635   -8.173521   998254.000000
12.000000    47   -0.226993   -0.580883   0.214803   87.048221   14.517505   67.617745   997985.000000
12.000000    47   -0.226993   -0.580883   0.069143   87.048221   14.517505   14.958766   997985.000000
12.000000    47   -0.226993   -0.580883   -0.285408   87.048221   14.517505   3.774694   997985.000000
12.000000    47   -0.226993   -0.580883   -0.002640   87.048221   14.517505   -1.711517   997985.000000
12.000000    47   -0.226993   -0.580883   0.037789   87.048221   14.517505   -7.197192   997985.000000
12.000000    47   -0.226993   -0.580883   0.001460   87.048221   14.517505   9.248027   997985.000000
12.000000    47   -0.226993   -0.580883   0.051578   87.048221   14.517505   1.677504   997985.000000
12.000000    47   -0.226993   -0.580883   -0.065852   87.048221   14.517505   5.775918   997985.000000
12.000000    47   -0.226993   -0.580883   -0.170174   87.048221   14.517505   5.742773   997985.000000
12.000000    47   -0.226993   -0.580883   -0.059471   87.048221   14.517505   -17.670524   997985.000000
12.250000    48   -0.386825   -0.497266   0.117999   82.915811   20.865326   66.379518   997694.000000
12.250000    48   -0.386825   -0.497266   0.079317   82.915811   20.865326   15.806161   997694.000000
12.250000    48   -0.386825   -0.497266   -0.254129   82.915811   20.865326   8.334132   997694.000000
12.250000    48   -0.386825   -0.497266   -0.018768   82.915811   20.865326   -3.944534   997694.000000
12.250000    48   -0.386825   -0.497266   0.053276   82.915811   20.865326   -11.089847   997694.000000
12.250000    48   -0.386825   -0.497266   0.045260   82.915811   20.865326   14.681288   997694.000000
12.250000    48   -0.386825   -0.497266   -0.019413   82.915811   20.865326   -1.168675   997694.000000
12.250000    48   -0.386825   -0.497266   -0.165614   82.915811   20.865326   4.665803   997694.000000
12.250000    48   -0.386825   -0.497266   -0.114968   82.915811   20.865326   6.869334   997694.000000
12.250000    48   -0.386825   -0.497266   -0.082877   82.915811   20.865326   -17.225820   997694.000000
12.500000    49   -0.807243   -0.736636   0.040202   69.536908   17.439446   66.640662   997435.000000
12.500000    49   -0.807243   -0.736636   0.067922   69.536908   17.439446   16.070089   997435.000000
12.500000    49   -0.807243   -0.736636   -0.269003   69.536908   17.439446   6.955606   997435.000000
12.500000    49   -0.807243   -0.736636   0.002171   69.536908   17.439446   -3.244482   997435.000000
12.500000    49   -0.807243   -0.736636   0.009626   69.536908   17.439446   -17.571025   997435.000000
12.500000    49   -0.807243   -0.736636   0.031093   69.536908   17.439446   13.431716   997435.000000
12.500000    49   -0.807243   -0.736636   -0.084810   69.536908   17.439446   0.422522   997435.000000
12.500000    49   -0.807243   -0.736636   -0.245761   69.536908   17.439446   -0.352841   997435.000000
12.500000    49   -0.807243   -0.736636   -0.245839   69.536908   17.439446   6.899697   997435.000000
12.500000    49   -0.807243   -0.736636   -0.114023   69.536908   17.439446   -17.261705   997435.000000
12.750000    50   -0.853584   -0.576371   -0.011763   33.753722   31.009493   67.660769   997106.000000
12.750000    50   -0.853584   -0.576371   0.037531   33.753722   31.009493   15.626376   997106.000000
12.750000    50   -0.853584   -0.576371   -0.248794   33.753722   31.009493   5.930082   997106.000000
12.750000    50   -0.853584   -0.576371   0.076261   33.753722   31.009493   -4.341918   997106.000000
12.750000    50   -0.853584   -0.576371   0.071576   33.753722   31.009493   -23.048287   997106.000000
12.750000    50   -0.853584   -0.576371   0.087286   33.753722   31.009493   5.779289   997106.000000
12.750000    50   -0.853584   -0.576371   -0.121536   33.753722   31.009493   -5.846209   997106.000000
12.750000    50   -0.853584   -0.576371   -0.158800   33.753722   31.009493   -1.384846   997106.000000
12.750000    50   -0.853584   -0.576371   -0.278960   33.753722   31.009493   3.952592   997106.000000
12.750000    50   -0.853584   -0.576371   -0.219248   33.753722   31.009493   -24.828000   997106.000000
13.000000    51   -0.335876   -0.435059   -0.042121   15.055336   39.580062   66.397453   996755.000000
13.000000    51   -0.335876   -0.435059   0.021699   15.055336   39.580062   16.339011   996755.000000
13.000000    51   -0.335876   -0.435059   -0.226782   15.055336   39.580062   1.966916   996755.000000
13.000000    51   -0.335876   -0.435059   0.143182   15.055336   39.580062   -1.467872   996755.000000
13.000000    51   -0.335876   -0.435059   0.064396   15.055336   39.580062   -21.904603   996755.000000
13.000000    51   -0.335876   -0.435059   0.136102   15.055336   39.580062   -1.742258   996755.000000
13.000000    51   -0.335876   -0.435059   -0.034229   15.055336   39.580062   -16.743586   996755.000000
13.000000    51   -0.335876   -0.435059   -0.088732   15.055336   39.580062   -4.255920   996755.000000
13.000000    51   -0.335876   -0.435059   -0.161163   15.055336   39.580062   6.549578   996755.000000
13.000000    51   -0.335876   -0.435059   -0.143718   15.055336   39.580062   -23.429016   996755.000000
13.250000    52   -0.384042   -0.173578   -0.044829   -12.476674   36.998014   66.754140   996391.000000
13.250000    52   -0.384042   -0.173578   -0.000269   -12.476674   36.998014   16.322884   996391.000000
13.250000    52   -0.384042   -0.173578   -0.221892   -12.476674   36.998014   1.727992   996391.000000
13.250000    52   -0.384042   -0.173578   0.101612   -12.476674   36.998014   -1.947448   996391.000000
13.250000    52   -0.384042   -0.173578   0.127041   -12.476674   36.998014   -6.174227   996391.000000
13.250000    52   -0.384042   -0.173578   0.095437   -12.476674   36.998014   -9.249679   996391.000000
13.250000    52   -0.384042   -0.173578   -0.042859   -12.476674   36.998014   -16.437168   996391.000000
13.250000    52   -0.384042   -0.173578   -0.049758   -12.476674   36.998014   -12.656339   996391.000000
13.250000    52   -0.384042   -0.173578   -0.185904   -12.476674   36.998014   5.064039   996391.000000
13.250000    52   -0.384042   -0.173578   -0.137549   -12.476674   36.998014   -37.220866   996391.000000
13.500000    53   -0.179697   0.031048   -0.036353   -1.446033   19.236577   67.064374   995994.000000
13.500000    53   -0.179697   0.031048   -0.023126   -1.446033   19.236577   17.340158   995994.000000
13.500000    53   -0.179697   0.031048   -0.266632   -1.446033   19.236577   1.954794   995994.000000
13.500000    53   -0.179697   0.031048   0.105319   -1.446033   19.236577   -4.305525   995994.000000
13.500000    53   -0.179697   0.031048   0.212594   -1.446033   19.236577   -3.719778   995994.000000
13.500000    53   -0.179697   0.031048   0.071132   -1.446033   19.236577   -9.369960   995994.000000
13.500000    53   -0.179697   0.031048   -0.001720   -1.446033   19.236577   -9.598710   995994.000000
13.500000    53   -0.179697   0.031048   -0.011987   -1.446033   19.236577   -11.202598   995994.000000
13.500000    53   -0.179697   0.031048   -0.220679   -1.446033   19.236577   13.050161   995994.000000
13.500000    53   -0.179697   0.031048   0.110755   -1.446033   19.236577   -40.548114   995994.000000
13.750000    54   -0.486025   0.036198   -0.016153   -20.067757   -35.134189   65.801432   995481.000000
13.750000    54   -0.486025   0.036198   -0.053564   -20.067757   -35.134189   18.299928   995481.000000
13.750000    54   -0.486025   0.036198   -0.318786   -20.067757   -35.134189   6.407496   995481.000000
13.750000    54   -0.486025   0.036198   0.096926   -20.067757   -35.134189   -2.417504   995481.000000
13.750000    54   -0.486025   0.036198   0.267254   -20.067757   -35.134189   -8.093136   995481.000000
13.750000    54   -0.486025   0.036198   -0.012617   -20.067757   -35.134189   -3.667917   995481.000000
13.750000    54   -0.486025   0.036198   -0.089669   -20.067757   -35.134189   -15.804010   995481.000000
13.750000    54   -0.486025   0.036198   0.036830   -20.067757   -35.134189   -11.851369   995481.000000
13.750000    54   -0.486025   0.036198   -0.354120   -20.067757   -35.134189   -2.140464   995481.000000
13.750000    54   -0.486025   0.036198   0.209536   -20.067757   -35.134189   -45.241698   995481.000000
14.000000    55   -0.966156   0.238900   0.040560   -16.423737   -61.154985   62.676671   995051.000000
14.000000    55   -0.966156   0.238900   -0.130793   -16.423737   -61.154985   18.940351   995051.000000
14.000000    55   -0.966156   0.238900   -0.436957   -16.423737   -61.154985   9.715147   995051.000000
14.000000    55   -0.966156   0.238900   0.125558   -16.423737   -61.154985   -1.303112   995051.000000
14.000000    55   -0.966156   0.238900   0.286568   -16.423737   -61.154985   -10.987372   995051.000000
14.000000    55   -0.966156   0.238900   -0.299666   -16.423737   -61.154985   -2.783850   995051.000000
14.000000    55   -0.966156   0.238900   -0.238657   -16.423737   -61.154985   -13.123742   995051.000000
14.000000    55   -0.966156   0.238900   -0.100264   -16.423737   -61.154985   -8.925906   995051.000000
14.000000    55   -0.966156   0.238900   -0.295092   -16.423737   -61.154985   -10.058704   995051.000000
14.000000    55   -0.966156   0.238900   0.274212   -16.423737   -61.154985   -47.974975   995051.000000
14.250000    56   -1.012060   0.270326   0.108465   -59.334471   -15.962359   62.571812   994496.000000
14.250000    56   -1.012060   0.270326   -0.139965   -59.334471   -15.962359   18.853090   994496.000000
14.250000    56   -1.012060   0.270326   -0.450392   -59.334471   -15.962359   12.652946   994496.000000
14.250000    56   -1.012060   0.270326   0.133395   -59.334471   -15.962359   -3.335099   994496.000000
14.250000    56   -1.012060   0.270326   0.209417   -59.334471   -15.962359   -14.231969   994496.000000
14.250000    56   -1.012060   0.270326   -0.522680   -59.334471   -15.962359   -13.275351   994496.000000
14.250000    56   -1.012060   0.270326   -0.294131   -59.334471   -15.962359   -22.607355   994496.000000
14.250000    56   -1.012060   0.270326   0.037743   -59.334471   -15.962359   -16.278849   994496.000000
14.250000    56   -1.012060   0.270326   -0.187162   -59.334471   -15.962359   -39.395415   994496.000000
14.250000    56   -1.012060   0.270326   0.365247   -59.334471   -15.962359   -48.209900   994496.000000
14.500000    57   -0.628455   0.167424   0.187653   -59.551272   71.114052   62.604369   993939.000000
14.500000    57   -0.628455   0.167424   -0.135069   -59.551272   71.114052   17.349886   993939.000000
14.500000    57   -0.628455   0.167424   -0.526221   -59.551272   71.114052   15.532951   993939.000000
14.500000    57   -0.628455   0.167424   0.002248   -59.551272   71.114052   -4.379163   993939.000000
14.500000    57   -0.628455   0.167424   0.286810   -59.551272   71.114052   -21.052526   993939.000000
14.500000    57   -0.628455   0.167424   -0.489045   -59.551272   71.114052   -12.719009   993939.000000
14.500000    57   -0.628455   0.167424   -0.354104   -59.551272   71.114052   -24.182521   993939.000000
14.500000    57   -0.628455   0.167424   0.420947   -59.551272   71.114052   -27.751257   993939.000000
14.500000    57   -0.628455   0.167424   -0.274018   -59.551272   71.114052   -38.180401   993939.000000
14.500000    57   -0.628455   0.167424   0.298090   -59.551272   71.114052   -32.783174   993939.000000
14.750000    58   -0.338208   0.091981   0.276001   -104.980171   95.645264   64.748123   993354.000000
14.750000    58   -0.338208   0.091981   -0.141180   -104.980171   95.645264   17.304282   993354.000000
14.750000    58   -0.338208   0.091981   -0.593105   -104.980171   95.645264   17.064057   993354.000000
14.750000    58   -0.338208   0.091981   0.042711   -104.980171   95.645264   -2.251674   993354.000000
14.750000    58   -0.338208   0.091981   0.297472   -104.980171   95.645264   -34.522077   993354.000000
14.750000    58   -0.338208   0.091981   -0.636391   -104.980171   95.645264   -9.095369   993354.000000
14.750000    58   -0.338208   0.091981   -0.088708   -104.980171   95.645264   -39.998787   993354.000000
14.750000    58   -0.338208   0.091981   0.311697   -104.980171   95.645264   -49.379312   993354.000000
14.750000    58   -0.338208   0.091981   -0.139076   -104.980171   95.645264   -20.988026   993354.000000
14.750000    58   -0.338208   0.091981   0.210112   -104.980171   95.645264   -31.637358   993354.000000
15.000000    59   -1.260472   -0.032067   0.349257   -80.778957   124.650960   65.047084   992695.000000
15.000000    59   -1.260472   -0.032067   -0.136376   -80.778957   124.650960   16.523677   992695.000000
15.000000    59   -1.260472   -0.032067   -0.600599   -80.778957   124.650960   13.928971   992695.000000
15.000000    59   -1.260472   -0.032067   0.042332   -80.778957   124.650960   -5.620599   992695.000000
15.000000    59   -1.260472   -0.032067   0.267293   -80.778957   124.650960   -32.205953   992695.000000
15.000000    59   -1.260472   -0.032067   -0.868694   -80.778957   124.650960   -39.068209   992695.000000
15.000000    59   -1.260472   -0.032067   -0.264680   -80.778957   124.650960   -17.755166   992695.000000
15.000000    59   -1.260472   -0.032067   0.449560   -80.778957   124.650960   -50.156855   992695.000000
15.000000    59   -1.260472   -0.032067   -0.384960   -80.778957   124.650960   -37.745148   992695.000000
15.000000    59   -1.260472   -0.032067   -0.194647   -80.778957   124.650960   -11.890224   992695.000000
Number of threads was 12
