dt 0.050000 T 15.000000 Nsample 1000000
Time   abszsum1   argzsum1   realsum   habszsum1   hargzsum1   hrealsum   a
0.250000    0   0.980070   0.000187   0.962305   85.784686   -0.004298   85.302213   1000000.000000
0.250000    0   0.980070   0.000187   0.015452   85.784686   -0.004298   0.291091   1000000.000000
0.250000    0   0.980070   0.000187   0.000000   85.784686   -0.004298   0.000000   1000000.000000
0.250000    0   0.980070   0.000187   0.000000   85.784686   -0.004298   0.000000   1000000.000000
0.250000    0   0.980070   0.000187   0.000000   85.784686   -0.004298   0.000000   1000000.000000
0.250000    0   0.980070   0.000187   0.000000   85.784686   -0.004298   0.000000   1000000.000000
0.250000    0   0.980070   0.000187   0.000000   85.784686   -0.004298   0.000000   1000000.000000
0.250000    0   0.980070   0.000187   0.000000   85.784686   -0.004298   0.000000   1000000.000000
0.250000    0   0.980070   0.000187   0.000000   85.784686   -0.004298   0.000000   1000000.000000
0.250000    0   0.980070   0.000187   0.000000   85.784686   -0.004298   0.000000   1000000.000000
0.500000    1   0.921658   0.000262   0.870804   85.577224   -0.015257   84.857461   1000000.000000
0.500000    1   0.921658   0.000262   0.063441   85.577224   -0.015257   0.507168   1000000.000000
0.500000    1   0.921658   0.000262   -0.014297   85.577224   -0.015257   0.044260   1000000.000000
0.500000    1   0.921658   0.000262   0.000000   85.577224   -0.015257   0.000000   1000000.000000
0.500000    1   0.921658   0.000262   0.000000   85.577224   -0.015257   0.000000   1000000.000000
0.500000    1   0.921658   0.000262   0.000000   85.577224   -0.015257   0.000000   1000000.000000
0.500000    1   0.921658   0.000262   0.000000   85.577224   -0.015257   0.000000   1000000.000000
0.500000    1   0.921658   0.000262   0.000000   85.577224   -0.015257   0.000000   1000000.000000
0.500000    1   0.921658   0.000262   0.000000   85.577224   -0.015257   0.000000   1000000.000000
0.500000    1   0.921658   0.000262   0.000000   85.577224   -0.015257   0.000000   1000000.000000
0.750000    2   0.830124   0.000339   0.737346   85.377267   0.010067   84.386858   1000000.000000
0.750000    2   0.830124   0.000339   0.122477   85.377267   0.010067   0.749893   1000000.000000
0.750000    2   0.830124   0.000339   -0.029579   85.377267   0.010067   0.159670   1000000.000000
0.750000    2   0.830124   0.000339   -0.001556   85.377267   0.010067   -0.005787   1000000.000000
0.750000    2   0.830124   0.000339   0.000000   85.377267   0.010067   0.000000   1000000.000000
0.750000    2   0.830124   0.000339   0.000000   85.377267   0.010067   0.000000   1000000.000000
0.750000    2   0.830124   0.000339   0.000000   85.377267   0.010067   0.000000   1000000.000000
0.750000    2   0.830124   0.000339   0.000000   85.377267   0.010067   0.000000   1000000.000000
0.750000    2   0.830124   0.000339   0.000000   85.377267   0.010067   0.000000   1000000.000000
0.750000    2   0.830124   0.000339   0.000000   85.377267   0.010067   0.000000   1000000.000000
1.000000    3   0.714553   0.000351   0.581642   85.159984   0.000438   83.936461   1000000.000000
1.000000    3   0.714553   0.000351   0.174100   85.159984   0.000438   0.971141   1000000.000000
1.000000    3   0.714553   0.000351   -0.037602   85.159984   0.000438   0.213086   1000000.000000
1.000000    3   0.714553   0.000351   -0.004466   85.159984   0.000438   -0.020083   1000000.000000
1.000000    3   0.714553   0.000351   0.000187   85.159984   0.000438   -0.008729   1000000.000000
1.000000    3   0.714553   0.000351   0.000000   85.159984   0.000438   0.000000   1000000.000000
1.000000    3   0.714553   0.000351   0.000000   85.159984   0.000438   0.000000   1000000.000000
1.000000    3   0.714553   0.000351   0.000000   85.159984   0.000438   0.000000   1000000.000000
1.000000    3   0.714553   0.000351   0.000000   85.159984   0.000438   0.000000   1000000.000000
1.000000    3   0.714553   0.000351   0.000000   85.159984   0.000438   0.000000   1000000.000000
1.250000    4   0.581984   0.000519   0.417429   85.038093   -0.064708   83.481368   1000000.000000
1.250000    4   0.581984   0.000519   0.208963   85.038093   -0.064708   1.180162   1000000.000000
1.250000    4   0.581984   0.000519   -0.038023   85.038093   -0.064708   0.332618   1000000.000000
1.250000    4   0.581984   0.000519   -0.007124   85.038093   -0.064708   -0.034764   1000000.000000
1.250000    4   0.581984   0.000519   0.000320   85.038093   -0.064708   0.008863   1000000.000000
1.250000    4   0.581984   0.000519   0.000006   85.038093   -0.064708   0.000190   1000000.000000
1.250000    4   0.581984   0.000519   0.000000   85.038093   -0.064708   0.000000   1000000.000000
1.250000    4   0.581984   0.000519   0.000000   85.038093   -0.064708   0.000000   1000000.000000
1.250000    4   0.581984   0.000519   0.000000   85.038093   -0.064708   0.000000   1000000.000000
1.250000    4   0.581984   0.000519   0.000000   85.038093   -0.064708   0.000000   1000000.000000
1.500000    5   0.442741   0.001199   0.259764   84.895285   -0.038955   83.044393   1000000.000000
1.500000    5   0.442741   0.001199   0.220709   84.895285   -0.038955   1.370419   1000000.000000
1.500000    5   0.442741   0.001199   -0.030725   84.895285   -0.038955   0.430630   1000000.000000
1.500000    5   0.442741   0.001199   -0.007879   84.895285   -0.038955   -0.042380   1000000.000000
1.500000    5   0.442741   0.001199   0.000578   84.895285   -0.038955   0.037718   1000000.000000
1.500000    5   0.442741   0.001199   0.000027   84.895285   -0.038955   0.007709   1000000.000000
1.500000    5   0.442741   0.001199   -0.000009   84.895285   -0.038955   -0.001642   1000000.000000
1.500000    5   0.442741   0.001199   0.000000   84.895285   -0.038955   0.000000   1000000.000000
1.500000    5   0.442741   0.001199   0.000000   84.895285   -0.038955   0.000000   1000000.000000
1.500000    5   0.442741   0.001199   0.000000   84.895285   -0.038955   0.000000   1000000.000000
1.750000    6   0.306980   0.001105   0.121195   84.979204   0.028856   82.765988   1000000.000000
1.750000    6   0.306980   0.001105   0.211432   84.979204   0.028856   1.574639   1000000.000000
1.750000    6   0.306980   0.001105   -0.019508   84.979204   0.028856   0.549153   1000000.000000
1.750000    6   0.306980   0.001105   -0.007317   84.979204   0.028856   -0.054801   1000000.000000
1.750000    6   0.306980   0.001105   0.001001   84.979204   0.028856   0.073669   1000000.000000
1.750000    6   0.306980   0.001105   0.000009   84.979204   0.028856   0.003191   1000000.000000
1.750000    6   0.306980   0.001105   0.000027   84.979204   0.028856   0.001547   1000000.000000
1.750000    6   0.306980   0.001105   0.000000   84.979204   0.028856   0.000000   1000000.000000
1.750000    6   0.306980   0.001105   0.000000   84.979204   0.028856   0.000000   1000000.000000
1.750000    6   0.306980   0.001105   0.000000   84.979204   0.028856   0.000000   1000000.000000
2.000000    7   0.183156   0.002577   0.008065   84.794155   -0.078918   82.276461   1000000.000000
2.000000    7   0.183156   0.002577   0.186022   84.794155   -0.078918   1.843014   1000000.000000
2.000000    7   0.183156   0.002577   -0.007734   84.794155   -0.078918   0.647152   1000000.000000
2.000000    7   0.183156   0.002577   -0.005288   84.794155   -0.078918   -0.079559   1000000.000000
2.000000    7   0.183156   0.002577   0.001787   84.794155   -0.078918   0.057081   1000000.000000
2.000000    7   0.183156   0.002577   0.000136   84.794155   -0.078918   0.001239   1000000.000000
2.000000    7   0.183156   0.002577   0.000048   84.794155   -0.078918   0.000959   1000000.000000
2.000000    7   0.183156   0.002577   0.000000   84.794155   -0.078918   0.000000   1000000.000000
2.000000    7   0.183156   0.002577   0.000000   84.794155   -0.078918   0.000000   1000000.000000
2.000000    7   0.183156   0.002577   0.000000   84.794155   -0.078918   0.000000   1000000.000000
2.250000    8   0.082233   0.001545   -0.073355   84.839102   -0.024585   81.884730   1000000.000000
2.250000    8   0.082233   0.001545   0.153536   84.839102   -0.024585   2.071107   1000000.000000
2.250000    8   0.082233   0.001545   0.003324   84.839102   -0.024585   0.729936   1000000.000000
2.250000    8   0.082233   0.001545   -0.003179   84.839102   -0.024585   0.016815   1000000.000000
2.250000    8   0.082233   0.001545   0.001998   84.839102   -0.024585   0.085224   1000000.000000
2.250000    8   0.082233   0.001545   -0.000215   84.839102   -0.024585   0.009697   1000000.000000
2.250000    8   0.082233   0.001545   0.000121   84.839102   -0.024585   0.000750   1000000.000000
2.250000    8   0.082233   0.001545   -0.000021   84.839102   -0.024585   0.001108   1000000.000000
2.250000    8   0.082233   0.001545   0.000000   84.839102   -0.024585   0.000000   1000000.000000
2.250000    8   0.082233   0.001545   0.000000   84.839102   -0.024585   0.000000   1000000.000000
2.500000    9   0.007770   0.000620   -0.119341   84.772549   0.053275   81.354605   1000000.000000
2.500000    9   0.007770   0.000620   0.117553   84.772549   0.053275   2.347343   1000000.000000
2.500000    9   0.007770   0.000620   0.006264   84.772549   0.053275   1.042503   1000000.000000
2.500000    9   0.007770   0.000620   0.000369   84.772549   0.053275   -0.001886   1000000.000000
2.500000    9   0.007770   0.000620   0.002795   84.772549   0.053275   -0.049251   1000000.000000
2.500000    9   0.007770   0.000620   -0.000068   84.772549   0.053275   0.044227   1000000.000000
2.500000    9   0.007770   0.000620   0.000242   84.772549   0.053275   -0.028670   1000000.000000
2.500000    9   0.007770   0.000620   -0.000003   84.772549   0.053275   0.002372   1000000.000000
2.500000    9   0.007770   0.000620   -0.000008   84.772549   0.053275   -0.001004   1000000.000000
2.500000    9   0.007770   0.000620   0.000000   84.772549   0.053275   0.000000   1000000.000000
2.750000    10   -0.035520   -0.002538   -0.129115   84.734356   0.064955   80.887308   1000000.000000
2.750000    10   -0.035520   -0.002538   0.083870   84.734356   0.064955   2.895633   1000000.000000
2.750000    10   -0.035520   -0.002538   0.001425   84.734356   0.064955   1.060607   1000000.000000
2.750000    10   -0.035520   -0.002538   0.003258   84.734356   0.064955   -0.069296   1000000.000000
2.750000    10   -0.035520   -0.002538   0.005173   84.734356   0.064955   -0.070008   1000000.000000
2.750000    10   -0.035520   -0.002538   -0.000092   84.734356   0.064955   0.011561   1000000.000000
2.750000    10   -0.035520   -0.002538   0.000122   84.734356   0.064955   -0.035250   1000000.000000
2.750000    10   -0.035520   -0.002538   -0.000035   84.734356   0.064955   -0.000936   1000000.000000
2.750000    10   -0.035520   -0.002538   -0.000010   84.734356   0.064955   -0.001340   1000000.000000
2.750000    10   -0.035520   -0.002538   0.000000   84.734356   0.064955   0.000000   1000000.000000
3.000000    11   -0.047354   -0.003828   -0.100621   84.985681   0.274365   80.566991   1000000.000000
3.000000    11   -0.047354   -0.003828   0.055871   84.985681   0.274365   3.545422   1000000.000000
3.000000    11   -0.047354   -0.003828   -0.013502   84.985681   0.274365   1.014444   1000000.000000
3.000000    11   -0.047354   -0.003828   0.004703   84.985681   0.274365   -0.015824   1000000.000000
3.000000    11   -0.047354   -0.003828   0.006494   84.985681   0.274365   -0.124660   1000000.000000
3.000000    11   -0.047354   -0.003828   -0.000297   84.985681   0.274365   0.040435   1000000.000000
3.000000    11   -0.047354   -0.003828   0.000004   84.985681   0.274365   -0.071434   1000000.000000
3.000000    11   -0.047354   -0.003828   -0.000065   84.985681   0.274365   -0.008623   1000000.000000
3.000000    11   -0.047354   -0.003828   -0.000019   84.985681   0.274365   -0.000988   1000000.000000
3.000000    11   -0.047354   -0.003828   0.000000   84.985681   0.274365   0.000000   1000000.000000
3.250000    12   -0.029475   -0.007995   -0.041291   85.082753   0.338387   79.906451   1000000.000000
3.250000    12   -0.029475   -0.007995   0.032560   85.082753   0.338387   4.089287   1000000.000000
3.250000    12   -0.029475   -0.007995   -0.036457   85.082753   0.338387   1.286896   1000000.000000
3.250000    12   -0.029475   -0.007995   0.006770   85.082753   0.338387   -0.057756   1000000.000000
3.250000    12   -0.029475   -0.007995   0.009473   85.082753   0.338387   -0.154209   1000000.000000
3.250000    12   -0.029475   -0.007995   -0.000159   85.082753   0.338387   0.009923   1000000.000000
3.250000    12   -0.029475   -0.007995   -0.000247   85.082753   0.338387   -0.058435   1000000.000000
3.250000    12   -0.029475   -0.007995   -0.000231   85.082753   0.338387   0.001180   1000000.000000
3.250000    12   -0.029475   -0.007995   0.000083   85.082753   0.338387   0.003567   1000000.000000
3.250000    12   -0.029475   -0.007995   -0.000004   85.082753   0.338387   0.001419   1000000.000000
3.500000    13   0.015768   -0.007309   0.046573   85.304716   0.720198   79.375779   1000000.000000
3.500000    13   0.015768   -0.007309   0.014854   85.304716   0.720198   4.508261   1000000.000000
3.500000    13   0.015768   -0.007309   -0.064594   85.304716   0.720198   1.660487   1000000.000000
3.500000    13   0.015768   -0.007309   0.004885   85.304716   0.720198   -0.203500   1000000.000000
3.500000    13   0.015768   -0.007309   0.014079   85.304716   0.720198   -0.169517   1000000.000000
3.500000    13   0.015768   -0.007309   0.000339   85.304716   0.720198   0.079818   1000000.000000
3.500000    13   0.015768   -0.007309   -0.000012   85.304716   0.720198   -0.011916   1000000.000000
3.500000    13   0.015768   -0.007309   -0.000497   85.304716   0.720198   0.035854   1000000.000000
3.500000    13   0.015768   -0.007309   0.000147   85.304716   0.720198   0.001034   1000000.000000
3.500000    13   0.015768   -0.007309   -0.000012   85.304716   0.720198   0.001178   1000000.000000
3.750000    14   0.080312   -0.006705   0.156104   85.181136   0.591383   79.035953   1000000.000000
3.750000    14   0.080312   -0.006705   0.000119   85.181136   0.591383   5.009900   1000000.000000
3.750000    14   0.080312   -0.006705   -0.094453   85.181136   0.591383   1.406564   1000000.000000
3.750000    14   0.080312   -0.006705   0.002714   85.181136   0.591383   -0.348131   1000000.000000
3.750000    14   0.080312   -0.006705   0.018025   85.181136   0.591383   -0.069062   1000000.000000
3.750000    14   0.080312   -0.006705   -0.001177   85.181136   0.591383   0.031082   1000000.000000
3.750000    14   0.080312   -0.006705   -0.000512   85.181136   0.591383   0.050634   1000000.000000
3.750000    14   0.080312   -0.006705   -0.000577   85.181136   0.591383   0.029716   1000000.000000
3.750000    14   0.080312   -0.006705   -0.000033   85.181136   0.591383   -0.000086   1000000.000000
3.750000    14   0.080312   -0.006705   -0.000007   85.181136   0.591383   0.001353   1000000.000000
4.000000    15   0.160014   -0.000745   0.275159   85.030668   0.808053   78.395612   1000000.000000
4.000000    15   0.160014   -0.000745   -0.010574   85.030668   0.808053   5.650931   1000000.000000
4.000000    15   0.160014   -0.000745   -0.123616   85.030668   0.808053   1.441186   1000000.000000
4.000000    15   0.160014   -0.000745   -0.000748   85.030668   0.808053   -0.231457   1000000.000000
4.000000    15   0.160014   -0.000745   0.020370   85.030668   0.808053   -0.320008   1000000.000000
4.000000    15   0.160014   -0.000745   0.000789   85.030668   0.808053   -0.068725   1000000.000000
4.000000    15   0.160014   -0.000745   -0.000548   85.030668   0.808053   0.070796   1000000.000000
4.000000    15   0.160014   -0.000745   -0.001085   85.030668   0.808053   0.031476   1000000.000000
4.000000    15   0.160014   -0.000745   0.000175   85.030668   0.808053   0.015266   1000000.000000
4.000000    15   0.160014   -0.000745   0.000082   85.030668   0.808053   0.000776   1000000.000000
4.250000    16   0.245527   -0.007653   0.392674   85.367814   1.079968   78.009935   1000000.000000
4.250000    16   0.245527   -0.007653   -0.014968   85.367814   1.079968   6.107914   1000000.000000
4.250000    16   0.245527   -0.007653   -0.151329   85.367814   1.079968   1.564285   1000000.000000
4.250000    16   0.245527   -0.007653   -0.004488   85.367814   1.079968   -0.230477   1000000.000000
4.250000    16   0.245527   -0.007653   0.023903   85.367814   1.079968   -0.426467   1000000.000000
4.250000    16   0.245527   -0.007653   0.001489   85.367814   1.079968   -0.090665   1000000.000000
4.250000    16   0.245527   -0.007653   -0.001122   85.367814   1.079968   0.194469   1000000.000000
4.250000    16   0.245527   -0.007653   -0.000715   85.367814   1.079968   0.098756   1000000.000000
4.250000    16   0.245527   -0.007653   -0.000377   85.367814   1.079968   0.091449   1000000.000000
4.250000    16   0.245527   -0.007653   0.000290   85.367814   1.079968   0.005618   1000000.000000
4.500000    17   0.319627   -0.002954   0.497335   85.329166   1.156478   77.564180   1000000.000000
4.500000    17   0.319627   -0.002954   -0.012254   85.329166   1.156478   6.614334   1000000.000000
4.500000    17   0.319627   -0.002954   -0.180689   85.329166   1.156478   1.543673   1000000.000000
4.500000    17   0.319627   -0.002954   -0.012719   85.329166   1.156478   -0.299276   1000000.000000
4.500000    17   0.319627   -0.002954   0.026491   85.329166   1.156478   -0.570244   1000000.000000
4.500000    17   0.319627   -0.002954   0.005733   85.329166   1.156478   -0.108012   1000000.000000
4.500000    17   0.319627   -0.002954   -0.003115   85.329166   1.156478   0.347273   1000000.000000
4.500000    17   0.319627   -0.002954   -0.000766   85.329166   1.156478   0.073643   1000000.000000
4.500000    17   0.319627   -0.002954   -0.001166   85.329166   1.156478   0.098633   1000000.000000
4.500000    17   0.319627   -0.002954   0.000582   85.329166   1.156478   0.030165   1000000.000000
4.750000    18   0.390163   -0.001095   0.578124   85.356233   0.674985   77.088624   1000000.000000
4.750000    18   0.390163   -0.001095   -0.000692   85.356233   0.674985   6.991414   1000000.000000
4.750000    18   0.390163   -0.001095   -0.203624   85.356233   0.674985   1.593848   1000000.000000
4.750000    18   0.390163   -0.001095   -0.014499   85.356233   0.674985   -0.407273   1000000.000000
4.750000    18   0.390163   -0.001095   0.028600   85.356233   0.674985   -0.532038   1000000.000000
4.750000    18   0.390163   -0.001095   0.008044   85.356233   0.674985   0.035933   1000000.000000
4.750000    18   0.390163   -0.001095   -0.003666   85.356233   0.674985   0.343088   1000000.000000
4.750000    18   0.390163   -0.001095   -0.001147   85.356233   0.674985   0.021298   1000000.000000
4.750000    18   0.390163   -0.001095   -0.001479   85.356233   0.674985   0.108881   1000000.000000
4.750000    18   0.390163   -0.001095   0.000341   85.356233   0.674985   0.032560   1000000.000000
5.000000    19   0.443713   0.004018   0.631737   84.984764   1.123112   76.482319   999998.000000
5.000000    19   0.443713   0.004018   0.020857   84.984764   1.123112   7.284343   999998.000000
5.000000    19   0.443713   0.004018   -0.221371   84.984764   1.123112   2.046998   999998.000000
5.000000    19   0.443713   0.004018   -0.026128   84.984764   1.123112   -0.534404   999998.000000
5.000000    19   0.443713   0.004018   0.034455   84.984764   1.123112   -0.861836   999998.000000
5.000000    19   0.443713   0.004018   0.008959   84.984764   1.123112   0.031082   999998.000000
5.000000    19   0.443713   0.004018   -0.003430   84.984764   1.123112   0.406865   999998.000000
5.000000    19   0.443713   0.004018   -0.000446   84.984764   1.123112   0.069827   999998.000000
5.000000    19   0.443713   0.004018   -0.001426   84.984764   1.123112   0.053304   999998.000000
5.000000    19   0.443713   0.004018   -0.000276   84.984764   1.123112   -0.019392   999998.000000
5.250000    20   0.468803   -0.002037   0.651880   83.897177   1.412629   75.795049   999997.000000
5.250000    20   0.468803   -0.002037   0.045978   83.897177   1.412629   7.579156   999997.000000
5.250000    20   0.468803   -0.002037   -0.231514   83.897177   1.412629   1.956264   999997.000000
5.250000    20   0.468803   -0.002037   -0.034388   83.897177   1.412629   -0.614986   999997.000000
5.250000    20   0.468803   -0.002037   0.037459   83.897177   1.412629   -1.249481   999997.000000
5.250000    20   0.468803   -0.002037   0.003121   83.897177   1.412629   0.175744   999997.000000
5.250000    20   0.468803   -0.002037   -0.003366   83.897177   1.412629   0.156743   999997.000000
5.250000    20   0.468803   -0.002037   0.000307   83.897177   1.412629   0.067260   999997.000000
5.250000    20   0.468803   -0.002037   -0.001744   83.897177   1.412629   -0.020691   999997.000000
5.250000    20   0.468803   -0.002037   -0.000402   83.897177   1.412629   0.027079   999997.000000
5.500000    21   0.486584   0.007300   0.639558   84.200421   1.883060   75.453820   999994.000000
5.500000    21   0.486584   0.007300   0.069995   84.200421   1.883060   7.948000   999994.000000
5.500000    21   0.486584   0.007300   -0.224404   84.200421   1.883060   1.789862   999994.000000
5.500000    21   0.486584   0.007300   -0.041116   84.200421   1.883060   -0.759530   999994.000000
5.500000    21   0.486584   0.007300   0.037854   84.200421   1.883060   -0.789518   999994.000000
5.500000    21   0.486584   0.007300   0.004458   84.200421   1.883060   0.325484   999994.000000
5.500000    21   0.486584   0.007300   -0.000419   84.200421   1.883060   0.043496   999994.000000
5.500000    21   0.486584   0.007300   0.002462   84.200421   1.883060   0.112083   999994.000000
5.500000    21   0.486584   0.007300   -0.002521   84.200421   1.883060   0.032736   999994.000000
5.500000    21   0.486584   0.007300   -0.000911   84.200421   1.883060   0.053652   999994.000000
5.750000    22   0.458885   0.014373   0.597127   84.782216   1.760243   74.831165   999993.000000
5.750000    22   0.458885   0.014373   0.090559   84.782216   1.760243   8.179455   999993.000000
5.750000    22   0.458885   0.014373   -0.212730   84.782216   1.760243   2.265554   999993.000000
5.750000    22   0.458885   0.014373   -0.046177   84.782216   1.760243   -0.460249   999993.000000
5.750000    22   0.458885   0.014373   0.027107   84.782216   1.760243   -0.681315   999993.000000
5.750000    22   0.458885   0.014373   0.005188   84.782216   1.760243   0.233748   999993.000000
5.750000    22   0.458885   0.014373   0.001836   84.782216   1.760243   0.342151   999993.000000
5.750000    22   0.458885   0.014373   -0.000359   84.782216   1.760243   -0.049740   999993.000000
5.750000    22   0.458885   0.014373   -0.004628   84.782216   1.760243   0.015791   999993.000000
5.750000    22   0.458885   0.014373   -0.000028   84.782216   1.760243   0.083937   999993.000000
6.000000    23   0.411931   0.021309   0.529474   85.052978   1.825251   74.496954   999990.000000
6.000000    23   0.411931   0.021309   0.104332   85.052978   1.825251   8.619097   999990.000000
6.000000    23   0.411931   0.021309   -0.196877   85.052978   1.825251   2.769286   999990.000000
6.000000    23   0.411931   0.021309   -0.051471   85.052978   1.825251   -0.175358   999990.000000
6.000000    23   0.411931   0.021309   0.027480   85.052978   1.825251   -0.343336   999990.000000
6.000000    23   0.411931   0.021309   0.001954   85.052978   1.825251   -0.103694   999990.000000
6.000000    23   0.411931   0.021309   0.004449   85.052978   1.825251   -0.240499   999990.000000
6.000000    23   0.411931   0.021309   -0.003167   85.052978   1.825251   -0.016952   999990.000000
6.000000    23   0.411931   0.021309   -0.005582   85.052978   1.825251   0.055575   999990.000000
6.000000    23   0.411931   0.021309   0.000149   85.052978   1.825251   0.042880   999990.000000
6.250000    24   0.356210   0.012331   0.439374   84.295912   1.437205   74.083983   999986.000000
6.250000    24   0.356210   0.012331   0.118136   84.295912   1.437205   9.028391   999986.000000
6.250000    24   0.356210   0.012331   -0.174292   84.295912   1.437205   2.259027   999986.000000
6.250000    24   0.356210   0.012331   -0.055651   84.295912   1.437205   -0.432739   999986.000000
6.250000    24   0.356210   0.012331   0.023325   84.295912   1.437205   -0.326948   999986.000000
6.250000    24   0.356210   0.012331   0.004886   84.295912   1.437205   -0.105993   999986.000000
6.250000    24   0.356210   0.012331   0.007186   84.295912   1.437205   0.003165   999986.000000
6.250000    24   0.356210   0.012331   -0.001859   84.295912   1.437205   -0.493283   999986.000000
6.250000    24   0.356210   0.012331   -0.005946   84.295912   1.437205   0.184258   999986.000000
6.250000    24   0.356210   0.012331   -0.000035   84.295912   1.437205   0.106540   999986.000000
6.500000    25   0.265494   -0.005768   0.336432   83.578663   1.363428   73.724567   999982.000000
6.500000    25   0.265494   -0.005768   0.123173   83.578663   1.363428   9.183935   999982.000000
6.500000    25   0.265494   -0.005768   -0.149218   83.578663   1.363428   2.785966   999982.000000
6.500000    25   0.265494   -0.005768   -0.065108   83.578663   1.363428   -0.678111   999982.000000
6.500000    25   0.265494   -0.005768   0.023507   83.578663   1.363428   -0.975342   999982.000000
6.500000    25   0.265494   -0.005768   -0.006758   83.578663   1.363428   0.165579   999982.000000
6.500000    25   0.265494   -0.005768   0.010909   83.578663   1.363428   -0.487359   999982.000000
6.500000    25   0.265494   -0.005768   0.000975   83.578663   1.363428   -0.484475   999982.000000
6.500000    25   0.265494   -0.005768   -0.009091   83.578663   1.363428   0.244191   999982.000000
6.500000    25   0.265494   -0.005768   -0.000335   83.578663   1.363428   0.082878   999982.000000
6.750000    26   0.186477   0.005815   0.227698   82.061401   0.825615   73.262155   999976.000000
6.750000    26   0.186477   0.005815   0.121568   82.061401   0.825615   9.317312   999976.000000
6.750000    26   0.186477   0.005815   -0.132708   82.061401   0.825615   2.585300   999976.000000
6.750000    26   0.186477   0.005815   -0.066732   82.061401   0.825615   -0.504500   999976.000000
6.750000    26   0.186477   0.005815   0.025058   82.061401   0.825615   -1.256046   999976.000000
6.750000    26   0.186477   0.005815   0.001337   82.061401   0.825615   0.495260   999976.000000
6.750000    26   0.186477   0.005815   0.016278   82.061401   0.825615   -1.195716   999976.000000
6.750000    26   0.186477   0.005815   0.002086   82.061401   0.825615   -0.429931   999976.000000
6.750000    26   0.186477   0.005815   -0.008093   82.061401   0.825615   -0.181658   999976.000000
6.750000    26   0.186477   0.005815   -0.001226   82.061401   0.825615   -0.039851   999976.000000
7.000000    27   0.102059   -0.004248   0.122982   82.729390   0.426414   73.025191   999967.000000
7.000000    27   0.102059   -0.004248   0.109268   82.729390   0.426414   9.605253   999967.000000
7.000000    27   0.102059   -0.004248   -0.125199   82.729390   0.426414   2.942464   999967.000000
7.000000    27   0.102059   -0.004248   -0.062397   82.729390   0.426414   -0.925780   999967.000000
7.000000    27   0.102059   -0.004248   0.031435   82.729390   0.426414   -2.106792   999967.000000
7.000000    27   0.102059   -0.004248   0.014853   82.729390   0.426414   0.480039   999967.000000
7.000000    27   0.102059   -0.004248   0.017546   82.729390   0.426414   -0.508566   999967.000000
7.000000    27   0.102059   -0.004248   0.000044   82.729390   0.426414   -0.044934   999967.000000
7.000000    27   0.102059   -0.004248   -0.005436   82.729390   0.426414   0.175762   999967.000000
7.000000    27   0.102059   -0.004248   -0.001736   82.729390   0.426414   0.196073   999967.000000
7.250000    28   -0.001086   -0.006438   0.030832   80.743286   1.782559   72.261035   999956.000000
7.250000    28   -0.001086   -0.006438   0.100424   80.743286   1.782559   10.084771   999956.000000
7.250000    28   -0.001086   -0.006438   -0.122750   80.743286   1.782559   2.454358   999956.000000
7.250000    28   -0.001086   -0.006438   -0.065682   80.743286   1.782559   -2.526897   999956.000000
7.250000    28   -0.001086   -0.006438   0.037960   80.743286   1.782559   -1.285954   999956.000000
7.250000    28   -0.001086   -0.006438   0.010540   80.743286   1.782559   0.788981   999956.000000
7.250000    28   -0.001086   -0.006438   0.012743   80.743286   1.782559   -0.757871   999956.000000
7.250000    28   -0.001086   -0.006438   -0.005345   80.743286   1.782559   -0.316231   999956.000000
7.250000    28   -0.001086   -0.006438   -0.000752   80.743286   1.782559   0.191030   999956.000000
7.250000    28   -0.001086   -0.006438   -0.000724   80.743286   1.782559   0.174614   999956.000000
7.500000    29   -0.070384   -0.022288   -0.040117   81.845786   1.941203   71.680778   999939.000000
7.500000    29   -0.070384   -0.022288   0.079153   81.845786   1.941203   10.485476   999939.000000
7.500000    29   -0.070384   -0.022288   -0.122544   81.845786   1.941203   2.652027   999939.000000
7.500000    29   -0.070384   -0.022288   -0.061402   81.845786   1.941203   -2.373669   999939.000000
7.500000    29   -0.070384   -0.022288   0.040480   81.845786   1.941203   -1.045092   999939.000000
7.500000    29   -0.070384   -0.022288   0.023775   81.845786   1.941203   1.145365   999939.000000
7.500000    29   -0.070384   -0.022288   0.017703   81.845786   1.941203   -0.500172   999939.000000
7.500000    29   -0.070384   -0.022288   -0.008230   81.845786   1.941203   0.166689   999939.000000
7.500000    29   -0.070384   -0.022288   -0.003045   81.845786   1.941203   0.242773   999939.000000
7.500000    29   -0.070384   -0.022288   0.001425   81.845786   1.941203   -0.596840   999939.000000
7.750000    30   -0.148733   -0.019595   -0.085283   82.318672   0.979672   70.956811   999919.000000
7.750000    30   -0.148733   -0.019595   0.052791   82.318672   0.979672   11.187405   999919.000000
7.750000    30   -0.148733   -0.019595   -0.137387   82.318672   0.979672   3.790732   999919.000000
7.750000    30   -0.148733   -0.019595   -0.036384   82.318672   0.979672   -2.978145   999919.000000
7.750000    30   -0.148733   -0.019595   0.041006   82.318672   0.979672   -1.099960   999919.000000
7.750000    30   -0.148733   -0.019595   0.015325   82.318672   0.979672   0.757267   999919.000000
7.750000    30   -0.148733   -0.019595   0.018158   82.318672   0.979672   -0.444376   999919.000000
7.750000    30   -0.148733   -0.019595   -0.009797   82.318672   0.979672   0.604581   999919.000000
7.750000    30   -0.148733   -0.019595   -0.014640   82.318672   0.979672   0.404710   999919.000000
7.750000    30   -0.148733   -0.019595   0.005114   82.318672   0.979672   -0.802296   999919.000000
8.000000    31   -0.174520   -0.040771   -0.094072   81.027663   3.305253   71.046361   999896.000000
8.000000    31   -0.174520   -0.040771   0.025483   81.027663   3.305253   11.137380   999896.000000
8.000000    31   -0.174520   -0.040771   -0.158462   81.027663   3.305253   4.079852   999896.000000
8.000000    31   -0.174520   -0.040771   -0.013268   81.027663   3.305253   -3.184393   999896.000000
8.000000    31   -0.174520   -0.040771   0.044668   81.027663   3.305253   -2.246001   999896.000000
8.000000    31   -0.174520   -0.040771   0.030206   81.027663   3.305253   0.948826   999896.000000
8.000000    31   -0.174520   -0.040771   0.020562   81.027663   3.305253   -0.233685   999896.000000
8.000000    31   -0.174520   -0.040771   -0.021406   81.027663   3.305253   -0.065671   999896.000000
8.000000    31   -0.174520   -0.040771   -0.026913   81.027663   3.305253   0.353582   999896.000000
8.000000    31   -0.174520   -0.040771   0.016281   81.027663   3.305253   -1.303318   999896.000000
8.250000    32   -0.159299   0.001535   -0.073862   82.857332   3.712371   70.895267   999862.000000
8.250000    32   -0.159299   0.001535   -0.002227   82.857332   3.712371   11.524769   999862.000000
8.250000    32   -0.159299   0.001535   -0.189983   82.857332   3.712371   3.641493   999862.000000
8.250000    32   -0.159299   0.001535   0.016615   82.857332   3.712371   -2.698400   999862.000000
8.250000    32   -0.159299   0.001535   0.064388   82.857332   3.712371   -1.741275   999862.000000
8.250000    32   -0.159299   0.001535   0.031704   82.857332   3.712371   1.648619   999862.000000
8.250000    32   -0.159299   0.001535   0.015849   82.857332   3.712371   0.069534   999862.000000
8.250000    32   -0.159299   0.001535   -0.017369   82.857332   3.712371   -0.365228   999862.000000
8.250000    32   -0.159299   0.001535   -0.025267   82.857332   3.712371   1.376669   999862.000000
8.250000    32   -0.159299   0.001535   0.015463   82.857332   3.712371   -1.582250   999862.000000
8.500000    33   -0.141619   0.022952   -0.024650   78.878882   7.008117   70.597996   999828.000000
8.500000    33   -0.141619   0.022952   -0.026992   78.878882   7.008117   11.954128   999828.000000
8.500000    33   -0.141619   0.022952   -0.227054   78.878882   7.008117   2.864119   999828.000000
8.500000    33   -0.141619   0.022952   0.023374   78.878882   7.008117   -3.416886   999828.000000
8.500000    33   -0.141619   0.022952   0.064458   78.878882   7.008117   -1.941285   999828.000000
8.500000    33   -0.141619   0.022952   0.026426   78.878882   7.008117   0.690896   999828.000000
8.500000    33   -0.141619   0.022952   0.012831   78.878882   7.008117   -0.872971   999828.000000
8.500000    33   -0.141619   0.022952   0.001301   78.878882   7.008117   -0.042300   999828.000000
8.500000    33   -0.141619   0.022952   -0.023598   78.878882   7.008117   0.717536   999828.000000
8.500000    33   -0.141619   0.022952   0.021664   78.878882   7.008117   -1.299412   999828.000000
8.750000    34   -0.170899   0.067098   0.044167   75.033440   8.004198   70.194690   999777.000000
8.750000    34   -0.170899   0.067098   -0.047389   75.033440   8.004198   12.276711   999777.000000
8.750000    34   -0.170899   0.067098   -0.273089   75.033440   8.004198   2.173392   999777.000000
8.750000    34   -0.170899   0.067098   0.009751   75.033440   8.004198   -2.782663   999777.000000
8.750000    34   -0.170899   0.067098   0.070808   75.033440   8.004198   -2.020786   999777.000000
8.750000    34   -0.170899   0.067098   0.000451   75.033440   8.004198   -0.071722   999777.000000
8.750000    34   -0.170899   0.067098   0.009982   75.033440   8.004198   -0.135591   999777.000000
8.750000    34   -0.170899   0.067098   0.008665   75.033440   8.004198   -1.223520   999777.000000
8.750000    34   -0.170899   0.067098   -0.036402   75.033440   8.004198   -0.707072   999777.000000
8.750000    34   -0.170899   0.067098   0.032097   75.033440   8.004198   -0.912386   999777.000000
9.000000    35   -0.164727   0.051448   0.123433   73.146232   13.154125   69.301380   999720.000000
9.000000    35   -0.164727   0.051448   -0.066584   73.146232   13.154125   12.658726   999720.000000
9.000000    35   -0.164727   0.051448   -0.318668   73.146232   13.154125   1.627856   999720.000000
9.000000    35   -0.164727   0.051448   0.020247   73.146232   13.154125   -2.242568   999720.000000
9.000000    35   -0.164727   0.051448   0.067564   73.146232   13.154125   -2.012135   999720.000000
9.000000    35   -0.164727   0.051448   -0.007196   73.146232   13.154125   2.268039   999720.000000
9.000000    35   -0.164727   0.051448   -0.000079   73.146232   13.154125   -2.577482   999720.000000
9.000000    35   -0.164727   0.051448   0.017683   73.146232   13.154125   -2.158761   999720.000000
9.000000    35   -0.164727   0.051448   -0.046702   73.146232   13.154125   0.008265   999720.000000
9.000000    35   -0.164727   0.051448   0.030774   73.146232   13.154125   -1.359695   999720.000000
9.250000    36   -0.048306   0.065815   0.214547   78.503736   11.533089   69.037562   999673.000000
9.250000    36   -0.048306   0.065815   -0.061438   78.503736   11.533089   13.002480   999673.000000
9.250000    36   -0.048306   0.065815   -0.356479   78.503736   11.533089   1.702839   999673.000000
9.250000    36   -0.048306   0.065815   0.015369   78.503736   11.533089   -2.131955   999673.000000
9.250000    36   -0.048306   0.065815   0.094553   78.503736   11.533089   0.704339   999673.000000
9.250000    36   -0.048306   0.065815   -0.003448   78.503736   11.533089   3.874251   999673.000000
9.250000    36   -0.048306   0.065815   0.042165   78.503736   11.533089   -1.920163   999673.000000
9.250000    36   -0.048306   0.065815   0.015965   78.503736   11.533089   -2.322019   999673.000000
9.250000    36   -0.048306   0.065815   -0.035110   78.503736   11.533089   -0.361543   999673.000000
9.250000    36   -0.048306   0.065815   0.011118   78.503736   11.533089   -0.765118   999673.000000
9.500000    37   -0.022184   0.034580   0.309098   78.722148   13.321366   68.797438   999592.000000
9.500000    37   -0.022184   0.034580   -0.069580   78.722148   13.321366   13.660592   999592.000000
9.500000    37   -0.022184   0.034580   -0.400065   78.722148   13.321366   2.313752   999592.000000
9.500000    37   -0.022184   0.034580   0.017480   78.722148   13.321366   -2.363949   999592.000000
9.500000    37   -0.022184   0.034580   0.072144   78.722148   13.321366   -0.695565   999592.000000
9.500000    37   -0.022184   0.034580   0.009680   78.722148   13.321366   4.129860   999592.000000
9.500000    37   -0.022184   0.034580   0.047391   78.722148   13.321366   -2.426872   999592.000000
9.500000    37   -0.022184   0.034580   -0.006161   78.722148   13.321366   -1.612339   999592.000000
9.500000    37   -0.022184   0.034580   -0.013854   78.722148   13.321366   0.221851   999592.000000
9.500000    37   -0.022184   0.034580   -0.001716   78.722148   13.321366   -0.708647   999592.000000
9.750000    38   0.035072   0.034713   0.389640   79.007459   12.002882   68.654609   999507.000000
9.750000    38   0.035072   0.034713   -0.067792   79.007459   12.002882   14.140556   999507.000000
9.750000    38   0.035072   0.034713   -0.418158   79.007459   12.002882   1.340611   999507.000000
9.750000    38   0.035072   0.034713   0.008043   79.007459   12.002882   -0.904220   999507.000000
9.750000    38   0.035072   0.034713   0.078480   79.007459   12.002882   -2.935895   999507.000000
9.750000    38   0.035072   0.034713   -0.014082   79.007459   12.002882   3.435611   999507.000000
9.750000    38   0.035072   0.034713   0.012197   79.007459   12.002882   -1.964403   999507.000000
9.750000    38   0.035072   0.034713   0.004868   79.007459   12.002882   -1.663335   999507.000000
9.750000    38   0.035072   0.034713   0.038353   79.007459   12.002882   0.663866   999507.000000
9.750000    38   0.035072   0.034713   -0.020900   79.007459   12.002882   -0.581972   999507.000000
10.000000    39   0.078982   0.038699   0.457649   84.997808   14.925665   68.432380   999417.000000
10.000000    39   0.078982   0.038699   -0.057654   84.997808   14.925665   13.747370   999417.000000
10.000000    39   0.078982   0.038699   -0.413218   84.997808   14.925665   2.685522   999417.000000
10.000000    39   0.078982   0.038699   -0.005643   84.997808   14.925665   -0.500884   999417.000000
10.000000    39   0.078982   0.038699   0.056988   84.997808   14.925665   -0.408012   999417.000000
10.000000    39   0.078982   0.038699   0.029322   84.997808   14.925665   2.781777   999417.000000
10.000000    39   0.078982   0.038699   -0.027415   84.997808   14.925665   -2.298421   999417.000000
10.000000    39   0.078982   0.038699   0.030332   84.997808   14.925665   -0.295207   999417.000000
10.000000    39   0.078982   0.038699   0.019461   84.997808   14.925665   1.587044   999417.000000
10.000000    39   0.078982   0.038699   -0.048153   84.997808   14.925665   -1.132601   999417.000000
10.250000    40   0.094246   0.043966   0.511662   86.810371   22.744997   68.433822   999304.000000
10.250000    40   0.094246   0.043966   -0.031440   86.810371   22.744997   13.877080   999304.000000
10.250000    40   0.094246   0.043966   -0.419711   86.810371   22.744997   0.865905   999304.000000
10.250000    40   0.094246   0.043966   -0.021684   86.810371   22.744997   -0.702244   999304.000000
10.250000    40   0.094246   0.043966   0.053370   86.810371   22.744997   -0.383722   999304.000000
10.250000    40   0.094246   0.043966   0.019760   86.810371   22.744997   3.438263   999304.000000
10.250000    40   0.094246   0.043966   -0.033987   86.810371   22.744997   0.960742   999304.000000
10.250000    40   0.094246   0.043966   0.026587   86.810371   22.744997   -0.076397   999304.000000
10.250000    40   0.094246   0.043966   -0.014908   86.810371   22.744997   1.140976   999304.000000
10.250000    40   0.094246   0.043966   -0.024440   86.810371   22.744997   -0.923822   999304.000000
10.500000    41   0.080070   0.001483   0.545734   88.274489   28.749353   68.512142   999210.000000
10.500000    41   0.080070   0.001483   -0.022197   88.274489   28.749353   14.901810   999210.000000
10.500000    41   0.080070   0.001483   -0.422640   88.274489   28.749353   1.946311   999210.000000
10.500000    41   0.080070   0.001483   -0.070507   88.274489   28.749353   -1.196926   999210.000000
10.500000    41   0.080070   0.001483   0.032057   88.274489   28.749353   0.027270   999210.000000
10.500000    41   0.080070   0.001483   0.060185   88.274489   28.749353   4.007879   999210.000000
10.500000    41   0.080070   0.001483   -0.063019   88.274489   28.749353   0.033712   999210.000000
10.500000    41   0.080070   0.001483   0.011491   88.274489   28.749353   2.779568   999210.000000
10.500000    41   0.080070   0.001483   -0.019230   88.274489   28.749353   0.964369   999210.000000
10.500000    41   0.080070   0.001483   -0.000662   88.274489   28.749353   -4.107391   999210.000000
10.750000    42   0.039021   -0.012023   0.547460   69.325233   26.650162   67.863238   999076.000000
10.750000    42   0.039021   -0.012023   -0.010753   69.325233   26.650162   14.810470   999076.000000
10.750000    42   0.039021   -0.012023   -0.414623   69.325233   26.650162   2.040408   999076.000000
10.750000    42   0.039021   -0.012023   -0.079580   69.325233   26.650162   -1.383761   999076.000000
10.750000    42   0.039021   -0.012023   0.026882   69.325233   26.650162   -3.900633   999076.000000
10.750000    42   0.039021   -0.012023   0.036885   69.325233   26.650162   5.021831   999076.000000
10.750000    42   0.039021   -0.012023   -0.033079   69.325233   26.650162   -6.245664   999076.000000
10.750000    42   0.039021   -0.012023   0.006393   69.325233   26.650162   -0.363619   999076.000000
10.750000    42   0.039021   -0.012023   -0.062387   69.325233   26.650162   -1.848432   999076.000000
10.750000    42   0.039021   -0.012023   0.004147   69.325233   26.650162   -6.238941   999076.000000
11.000000    43   0.098027   -0.088923   0.523295   77.637033   31.805663   68.139350   998915.000000
11.000000    43   0.098027   -0.088923   0.009401   77.637033   31.805663   15.191837   998915.000000
11.000000    43   0.098027   -0.088923   -0.392760   77.637033   31.805663   1.543814   998915.000000
11.000000    43   0.098027   -0.088923   -0.123736   77.637033   31.805663   -0.822838   998915.000000
11.000000    43   0.098027   -0.088923   0.047358   77.637033   31.805663   -6.478610   998915.000000
11.000000    43   0.098027   -0.088923   0.057191   77.637033   31.805663   9.598551   998915.000000
11.000000    43   0.098027   -0.088923   -0.039847   77.637033   31.805663   -9.878029   998915.000000
11.000000    43   0.098027   -0.088923   0.044116   77.637033   31.805663   4.713748   998915.000000
11.000000    43   0.098027   -0.088923   -0.020811   77.637033   31.805663   -1.580482   998915.000000
11.000000    43   0.098027   -0.088923   -0.026420   77.637033   31.805663   -4.401436   998915.000000
11.250000    44   0.041804   -0.232593   0.471091   64.133403   32.917411   68.012493   998728.000000
11.250000    44   0.041804   -0.232593   0.021896   64.133403   32.917411   14.523759   998728.000000
11.250000    44   0.041804   -0.232593   -0.331545   64.133403   32.917411   -2.052590   998728.000000
11.250000    44   0.041804   -0.232593   -0.137644   64.133403   32.917411   1.215088   998728.000000
11.250000    44   0.041804   -0.232593   0.059834   64.133403   32.917411   -6.863174   998728.000000
11.250000    44   0.041804   -0.232593   0.058505   64.133403   32.917411   10.322499   998728.000000
11.250000    44   0.041804   -0.232593   0.017668   64.133403   32.917411   -12.725212   998728.000000
11.250000    44   0.041804   -0.232593   -0.005311   64.133403   32.917411   5.310006   998728.000000
11.250000    44   0.041804   -0.232593   -0.059794   64.133403   32.917411   -7.430101   998728.000000
11.250000    44   0.041804   -0.232593   -0.084513   64.133403   32.917411   -8.309481   998728.000000
11.500000    45   -0.070187   -0.254545   0.395380   61.260574   47.751410   66.959389   998540.000000
11.500000    45   -0.070187   -0.254545   0.024542   61.260574   47.751410   14.927723   998540.000000
11.500000    45   -0.070187   -0.254545   -0.315217   61.260574   47.751410   -2.996364   998540.000000
11.500000    45   -0.070187   -0.254545   -0.171431   61.260574   47.751410   2.014199   998540.000000
11.500000    45   -0.070187   -0.254545   0.051053   61.260574   47.751410   -9.913961   998540.000000
11.500000    45   -0.070187   -0.254545   0.105558   61.260574   47.751410   12.692579   998540.000000
11.500000    45   -0.070187   -0.254545   -0.046375   61.260574   47.751410   -14.085934   998540.000000
11.500000    45   -0.070187   -0.254545   0.017117   61.260574   47.751410   12.388494   998540.000000
11.500000    45   -0.070187   -0.254545   -0.046616   61.260574   47.751410   -10.190011   998540.000000
11.500000    45   -0.070187   -0.254545   -0.104113   61.260574   47.751410   -15.680183   998540.000000
11.750000    46   -0.344185   -0.310831   0.307162   50.244304   25.861188   67.028238   998318.000000
11.750000    46   -0.344185   -0.310831   0.033944   50.244304   25.861188   15.057642   998318.000000
11.750000    46   -0.344185   -0.310831   -0.326072   50.244304   25.861188   -5.330933   998318.000000
11.750000    46   -0.344185   -0.310831   -0.121019   50.244304   25.861188   3.013146   998318.000000
11.750000    46   -0.344185   -0.310831   -0.034937   50.244304   25.861188   -17.664374   998318.000000
11.750000    46   -0.344185   -0.310831   0.086358   50.244304   25.861188   10.351229   998318.000000
11.750000    46   -0.344185   -0.310831   -0.049613   50.244304   25.861188   -13.599900   998318.000000
11.750000    46   -0.344185   -0.310831   -0.012963   50.244304   25.861188   13.647216   998318.000000
11.750000    46   -0.344185   -0.310831   -0.079964   50.244304   25.861188   -11.921720   998318.000000
11.750000    46   -0.344185   -0.310831   -0.157776   50.244304   25.861188   -13.175770   998318.000000
12.000000    47   -0.207622   -0.405430   0.210026   44.679285   33.532408   67.030589   998040.000000
12.000000    47   -0.207622   -0.405430   0.032908   44.679285   33.532408   15.218174   998040.000000
12.000000    47   -0.207622   -0.405430   -0.292365   44.679285   33.532408   -4.781253   998040.000000
12.000000    47   -0.207622   -0.405430   -0.062741   44.679285   33.532408   2.741210   998040.000000
12.000000    47   -0.207622   -0.405430   -0.044972   44.679285   33.532408   -12.088812   998040.000000
12.000000    47   -0.207622   -0.405430   0.098088   44.679285   33.532408   8.251900   998040.000000
12.000000    47   -0.207622   -0.405430   -0.015231   44.679285   33.532408   -11.106266   998040.000000
12.000000    47   -0.207622   -0.405430   -0.008477   44.679285   33.532408   9.647024   998040.000000
12.000000    47   -0.207622   -0.405430   -0.037899   44.679285   33.532408   -16.172626   998040.000000
12.000000    47   -0.207622   -0.405430   -0.116944   44.679285   33.532408   -22.005513   998040.000000
12.250000    48   -0.447022   -0.563554   0.115352   36.586638   33.005858   65.944838   997759.000000
12.250000    48   -0.447022   -0.563554   0.046394   36.586638   33.005858   15.914931   997759.000000
12.250000    48   -0.447022   -0.563554   -0.267399   36.586638   33.005858   -1.402800   997759.000000
12.250000    48   -0.447022   -0.563554   -0.108468   36.586638   33.005858   2.268519   997759.000000
12.250000    48   -0.447022   -0.563554   -0.041601   36.586638   33.005858   -15.943929   997759.000000
12.250000    48   -0.447022   -0.563554   0.099485   36.586638   33.005858   15.491593   997759.000000
12.250000    48   -0.447022   -0.563554   -0.098394   36.586638   33.005858   -12.946979   997759.000000
12.250000    48   -0.447022   -0.563554   -0.117963   36.586638   33.005858   3.773316   997759.000000
12.250000    48   -0.447022   -0.563554   -0.008348   36.586638   33.005858   -17.549380   997759.000000
12.250000    48   -0.447022   -0.563554   -0.121390   36.586638   33.005858   -22.389581   997759.000000
12.500000    49   -0.879691   -0.825208   0.036323   39.444138   34.025881   65.266607   997462.000000
12.500000    49   -0.879691   -0.825208   0.037893   39.444138   34.025881   15.862549   997462.000000
12.500000    49   -0.879691   -0.825208   -0.300457   39.444138   34.025881   -1.213273   997462.000000
12.500000    49   -0.879691   -0.825208   -0.083270   39.444138   34.025881   0.561982   997462.000000
12.500000    49   -0.879691   -0.825208   -0.104957   39.444138   34.025881   -13.805682   997462.000000
12.500000    49   -0.879691   -0.825208   0.112001   39.444138   34.025881   17.035412   997462.000000
12.500000    49   -0.879691   -0.825208   -0.167695   39.444138   34.025881   -9.386080   997462.000000
12.500000    49   -0.879691   -0.825208   -0.216170   39.444138   34.025881   -6.456354   997462.000000
12.500000    49   -0.879691   -0.825208   -0.089246   39.444138   34.025881   -12.965593   997462.000000
12.500000    49   -0.879691   -0.825208   -0.175476   39.444138   34.025881   -21.211621   997462.000000
12.750000    50   -0.956197   -0.642053   -0.013308   1.677118   46.313720   65.748486   997126.000000
12.750000    50   -0.956197   -0.642053   0.023843   1.677118   46.313720   16.084480   997126.000000
12.750000    50   -0.956197   -0.642053   -0.302066   1.677118   46.313720   -2.072587   997126.000000
12.750000    50   -0.956197   -0.642053   -0.044722   1.677118   46.313720   1.214654   997126.000000
12.750000    50   -0.956197   -0.642053   -0.134039   1.677118   46.313720   -22.554609   997126.000000
12.750000    50   -0.956197   -0.642053   0.163880   1.677118   46.313720   11.675272   997126.000000
12.750000    50   -0.956197   -0.642053   -0.238235   1.677118   46.313720   -19.902195   997126.000000
12.750000    50   -0.956197   -0.642053   -0.125185   1.677118   46.313720   -7.082160   997126.000000
12.750000    50   -0.956197   -0.642053   -0.099522   1.677118   46.313720   -13.638923   997126.000000
12.750000    50   -0.956197   -0.642053   -0.212254   1.677118   46.313720   -29.745422   997126.000000
13.000000    51   -0.613161   -0.575899   -0.036905   -29.924155   66.909903   65.415514   996765.000000
13.000000    51   -0.613161   -0.575899   -0.002623   -29.924155   66.909903   16.704101   996765.000000
13.000000    51   -0.613161   -0.575899   -0.284821   -29.924155   66.909903   -3.812566   996765.000000
13.000000    51   -0.613161   -0.575899   0.022804   -29.924155   66.909903   1.656532   996765.000000
13.000000    51   -0.613161   -0.575899   -0.092496   -29.924155   66.909903   -20.946785   996765.000000
13.000000    51   -0.613161   -0.575899   0.222731   -29.924155   66.909903   4.253269   996765.000000
13.000000    51   -0.613161   -0.575899   -0.197972   -29.924155   66.909903   -28.988313   996765.000000
13.000000    51   -0.613161   -0.575899   -0.097662   -29.924155   66.909903   -12.842338   996765.000000
13.000000    51   -0.613161   -0.575899   -0.068115   -29.924155   66.909903   -18.227143   996765.000000
13.000000    51   -0.613161   -0.575899   -0.157911   -29.924155   66.909903   -30.668975   996765.000000
13.250000    52   -0.349108   -0.467803   -0.039761   -79.062136   70.320574   65.470345   996383.000000
13.250000    52   -0.349108   -0.467803   -0.026253   -79.062136   70.320574   17.071985   996383.000000
13.250000    52   -0.349108   -0.467803   -0.289471   -79.062136   70.320574   -4.509100   996383.000000
13.250000    52   -0.349108   -0.467803   0.106813   -79.062136   70.320574   1.826081   996383.000000
13.250000    52   -0.349108   -0.467803   -0.080566   -79.062136   70.320574   -19.445516   996383.000000
13.250000    52   -0.349108   -0.467803   0.181032   -79.062136   70.320574   0.510010   996383.000000
13.250000    52   -0.349108   -0.467803   -0.114487   -79.062136   70.320574   -26.449236   996383.000000
13.250000    52   -0.349108   -0.467803   -0.026894   -79.062136   70.320574   -22.405516   996383.000000
13.250000    52   -0.349108   -0.467803   -0.067781   -79.062136   70.320574   -26.724233   996383.000000
13.250000    52   -0.349108   -0.467803   -0.127365   -79.062136   70.320574   -42.810624   996383.000000
13.500000    53   -0.429700   -0.496262   -0.024156   -89.982248   52.595673   66.034287   995948.000000
13.500000    53   -0.429700   -0.496262   -0.037655   -89.982248   52.595673   16.578340   995948.000000
13.500000    53   -0.429700   -0.496262   -0.337121   -89.982248   52.595673   -3.776255   995948.000000
13.500000    53   -0.429700   -0.496262   0.105179   -89.982248   52.595673   0.737562   995948.000000
13.500000    53   -0.429700   -0.496262   -0.006197   -89.982248   52.595673   -22.219140   995948.000000
13.500000    53   -0.429700   -0.496262   0.166094   -89.982248   52.595673   0.883838   995948.000000
13.500000    53   -0.429700   -0.496262   -0.260742   -89.982248   52.595673   -22.480801   995948.000000
13.500000    53   -0.429700   -0.496262   -0.152902   -89.982248   52.595673   -31.795055   995948.000000
13.500000    53   -0.429700   -0.496262   -0.117467   -89.982248   52.595673   -11.890830   995948.000000
13.500000    53   -0.429700   -0.496262   0.087412   -89.982248   52.595673   -49.997113   995948.000000
13.750000    54   -0.776751   -0.587297   0.000318   -97.203102   17.394542   64.944656   995452.000000
13.750000    54   -0.776751   -0.587297   -0.089662   -97.203102   17.394542   17.260814   995452.000000
13.750000    54   -0.776751   -0.587297   -0.380294   -97.203102   17.394542   -3.154494   995452.000000
13.750000    54   -0.776751   -0.587297   0.116271   -97.203102   17.394542   7.768379   995452.000000
13.750000    54   -0.776751   -0.587297   0.037296   -97.203102   17.394542   -27.554310   995452.000000
13.750000    54   -0.776751   -0.587297   0.090393   -97.203102   17.394542   10.100603   995452.000000
13.750000    54   -0.776751   -0.587297   -0.376064   -97.203102   17.394542   -29.361286   995452.000000
13.750000    54   -0.776751   -0.587297   -0.208125   -97.203102   17.394542   -31.510506   995452.000000
13.750000    54   -0.776751   -0.587297   -0.230029   -97.203102   17.394542   -21.848432   995452.000000
13.750000    54   -0.776751   -0.587297   0.108530   -97.203102   17.394542   -59.530880   995452.000000
14.000000    55   -0.963761   -0.144348   0.055498   -89.325060   13.102194   65.294441   994972.000000
14.000000    55   -0.963761   -0.144348   -0.134870   -89.325060   13.102194   17.773279   994972.000000
14.000000    55   -0.963761   -0.144348   -0.461365   -89.325060   13.102194   1.239711   994972.000000
14.000000    55   -0.963761   -0.144348   0.173333   -89.325060   13.102194   10.070723   994972.000000
14.000000    55   -0.963761   -0.144348   0.137072   -89.325060   13.102194   -22.868168   994972.000000
14.000000    55   -0.963761   -0.144348   -0.052439   -89.325060   13.102194   13.224997   994972.000000
14.000000    55   -0.963761   -0.144348   -0.613444   -89.325060   13.102194   -34.696539   994972.000000
14.000000    55   -0.963761   -0.144348   -0.288857   -89.325060   13.102194   -35.013299   994972.000000
14.000000    55   -0.963761   -0.144348   -0.030653   -89.325060   13.102194   -38.900772   994972.000000
14.000000    55   -0.963761   -0.144348   0.069502   -89.325060   13.102194   -59.145211   994972.000000
14.250000    56   -0.967572   -0.063927   0.121629   -89.142510   25.397266   66.027701   994434.000000
14.250000    56   -0.967572   -0.063927   -0.149456   -89.142510   25.397266   18.158378   994434.000000
14.250000    56   -0.967572   -0.063927   -0.470096   -89.142510   25.397266   1.093007   994434.000000
14.250000    56   -0.967572   -0.063927   0.154891   -89.142510   25.397266   11.568554   994434.000000
14.250000    56   -0.967572   -0.063927   0.125538   -89.142510   25.397266   -39.936464   994434.000000
14.250000    56   -0.967572   -0.063927   -0.296150   -89.142510   25.397266   8.849724   994434.000000
14.250000    56   -0.967572   -0.063927   -0.519084   -89.142510   25.397266   -33.981583   994434.000000
14.250000    56   -0.967572   -0.063927   -0.146106   -89.142510   25.397266   -25.759301   994434.000000
14.250000    56   -0.967572   -0.063927   -0.127210   -89.142510   25.397266   -57.460807   994434.000000
14.250000    56   -0.967572   -0.063927   0.215552   -89.142510   25.397266   -59.292120   994434.000000
14.500000    57   -1.030621   0.429033   0.171364   -41.719765   41.105493   64.731436   993880.000000
14.500000    57   -1.030621   0.429033   -0.146633   -41.719765   41.105493   18.710675   993880.000000
14.500000    57   -1.030621   0.429033   -0.538592   -41.719765   41.105493   -1.231449   993880.000000
14.500000    57   -1.030621   0.429033   0.135297   -41.719765   41.105493   10.224837   993880.000000
14.500000    57   -1.030621   0.429033   0.091457   -41.719765   41.105493   -34.374987   993880.000000
14.500000    57   -1.030621   0.429033   -0.460967   -41.719765   41.105493   14.357868   993880.000000
14.500000    57   -1.030621   0.429033   -0.500662   -41.719765   41.105493   -22.145927   993880.000000
14.500000    57   -1.030621   0.429033   0.035701   -41.719765   41.105493   -32.050292   993880.000000
14.500000    57   -1.030621   0.429033   -0.317573   -41.719765   41.105493   -47.933676   993880.000000
14.500000    57   -1.030621   0.429033   0.280429   -41.719765   41.105493   -34.602586   993880.000000
14.750000    58   -0.988776   0.444672   0.248560   -31.466227   -1.104859   66.222156   993293.000000
14.750000    58   -0.988776   0.444672   -0.150775   -31.466227   -1.104859   18.777036   993293.000000
14.750000    58   -0.988776   0.444672   -0.598411   -31.466227   -1.104859   0.478107   993293.000000
14.750000    58   -0.988776   0.444672   0.083688   -31.466227   -1.104859   8.294085   993293.000000
14.750000    58   -0.988776   0.444672   0.044752   -31.466227   -1.104859   -41.923224   993293.000000
14.750000    58   -0.988776   0.444672   -0.546700   -31.466227   -1.104859   15.545155   993293.000000
14.750000    58   -0.988776   0.444672   -0.428807   -31.466227   -1.104859   -13.726899   993293.000000
14.750000    58   -0.988776   0.444672   -0.021806   -31.466227   -1.104859   -34.000660   993293.000000
14.750000    58   -0.988776   0.444672   -0.110585   -31.466227   -1.104859   -41.032038   993293.000000
14.750000    58   -0.988776   0.444672   0.376896   -31.466227   -1.104859   -26.809014   993293.000000
15.000000    59   -1.497845   0.487230   0.326035   14.971046   57.216851   66.586518   992610.000000
15.000000    59   -1.497845   0.487230   -0.173884   14.971046   57.216851   18.622977   992610.000000
15.000000    59   -1.497845   0.487230   -0.645916   14.971046   57.216851   -0.221169   992610.000000
15.000000    59   -1.497845   0.487230   0.063430   14.971046   57.216851   4.922011   992610.000000
15.000000    59   -1.497845   0.487230   0.022270   14.971046   57.216851   -47.351671   992610.000000
15.000000    59   -1.497845   0.487230   -0.666771   14.971046   57.216851   -6.738351   992610.000000
15.000000    59   -1.497845   0.487230   -0.434069   14.971046   57.216851   -3.468634   992610.000000
15.000000    59   -1.497845   0.487230   0.127769   14.971046   57.216851   -16.793931   992610.000000
15.000000    59   -1.497845   0.487230   -0.133858   14.971046   57.216851   -50.850969   992610.000000
15.000000    59   -1.497845   0.487230   -0.083477   14.971046   57.216851   7.516209   992610.000000
Number of threads was 20
