dt 0.050000 T 15.000000 Nsample 1000000
Time   abszsum1   argzsum1   realsum   habszsum1   hargzsum1   hrealsum   a
0.250000    0   0.979614   0.000047   0.962787   85.728347   -0.003327   85.344136   1000000.000000
0.250000    0   0.979614   0.000047   0.016353   85.728347   -0.003327   0.348083   1000000.000000
0.250000    0   0.979614   0.000047   0.000000   85.728347   -0.003327   0.000000   1000000.000000
0.250000    0   0.979614   0.000047   0.000000   85.728347   -0.003327   0.000000   1000000.000000
0.250000    0   0.979614   0.000047   0.000000   85.728347   -0.003327   0.000000   1000000.000000
0.250000    0   0.979614   0.000047   0.000000   85.728347   -0.003327   0.000000   1000000.000000
0.250000    0   0.979614   0.000047   0.000000   85.728347   -0.003327   0.000000   1000000.000000
0.250000    0   0.979614   0.000047   0.000000   85.728347   -0.003327   0.000000   1000000.000000
0.250000    0   0.979614   0.000047   0.000000   85.728347   -0.003327   0.000000   1000000.000000
0.250000    0   0.979614   0.000047   0.000000   85.728347   -0.003327   0.000000   1000000.000000
0.500000    1   0.920570   0.000234   0.870995   85.592414   0.006052   84.925967   1000000.000000
0.500000    1   0.920570   0.000234   0.063649   85.592414   0.006052   0.595717   1000000.000000
0.500000    1   0.920570   0.000234   -0.014500   85.592414   0.006052   0.051943   1000000.000000
0.500000    1   0.920570   0.000234   0.000000   85.592414   0.006052   0.000000   1000000.000000
0.500000    1   0.920570   0.000234   0.000000   85.592414   0.006052   0.000000   1000000.000000
0.500000    1   0.920570   0.000234   0.000000   85.592414   0.006052   0.000000   1000000.000000
0.500000    1   0.920570   0.000234   0.000000   85.592414   0.006052   0.000000   1000000.000000
0.500000    1   0.920570   0.000234   0.000000   85.592414   0.006052   0.000000   1000000.000000
0.500000    1   0.920570   0.000234   0.000000   85.592414   0.006052   0.000000   1000000.000000
0.500000    1   0.920570   0.000234   0.000000   85.592414   0.006052   0.000000   1000000.000000
0.750000    2   0.829738   0.000609   0.738376   85.531976   0.012466   84.521238   1000000.000000
0.750000    2   0.829738   0.000609   0.122355   85.531976   0.012466   0.835774   1000000.000000
0.750000    2   0.829738   0.000609   -0.029691   85.531976   0.012466   0.169151   1000000.000000
0.750000    2   0.829738   0.000609   -0.001595   85.531976   0.012466   0.001686   1000000.000000
0.750000    2   0.829738   0.000609   0.000000   85.531976   0.012466   0.000000   1000000.000000
0.750000    2   0.829738   0.000609   0.000000   85.531976   0.012466   0.000000   1000000.000000
0.750000    2   0.829738   0.000609   0.000000   85.531976   0.012466   0.000000   1000000.000000
0.750000    2   0.829738   0.000609   0.000000   85.531976   0.012466   0.000000   1000000.000000
0.750000    2   0.829738   0.000609   0.000000   85.531976   0.012466   0.000000   1000000.000000
0.750000    2   0.829738   0.000609   0.000000   85.531976   0.012466   0.000000   1000000.000000
1.000000    3   0.714334   0.001492   0.581784   85.427552   0.009014   84.094288   1000000.000000
1.000000    3   0.714334   0.001492   0.174824   85.427552   0.009014   1.079346   1000000.000000
1.000000    3   0.714334   0.001492   -0.038042   85.427552   0.009014   0.242435   1000000.000000
1.000000    3   0.714334   0.001492   -0.004384   85.427552   0.009014   0.009467   1000000.000000
1.000000    3   0.714334   0.001492   0.000065   85.427552   0.009014   -0.001436   1000000.000000
1.000000    3   0.714334   0.001492   0.000000   85.427552   0.009014   0.000000   1000000.000000
1.000000    3   0.714334   0.001492   0.000000   85.427552   0.009014   0.000000   1000000.000000
1.000000    3   0.714334   0.001492   0.000000   85.427552   0.009014   0.000000   1000000.000000
1.000000    3   0.714334   0.001492   0.000000   85.427552   0.009014   0.000000   1000000.000000
1.000000    3   0.714334   0.001492   0.000000   85.427552   0.009014   0.000000   1000000.000000
1.250000    4   0.582024   0.002342   0.418104   85.313474   -0.066764   83.720514   1000000.000000
1.250000    4   0.582024   0.002342   0.208169   85.313474   -0.066764   1.274072   1000000.000000
1.250000    4   0.582024   0.002342   -0.037929   85.313474   -0.066764   0.301964   1000000.000000
1.250000    4   0.582024   0.002342   -0.006636   85.313474   -0.066764   0.018093   1000000.000000
1.250000    4   0.582024   0.002342   0.000271   85.313474   -0.066764   -0.001295   1000000.000000
1.250000    4   0.582024   0.002342   -0.000009   85.313474   -0.066764   -0.002623   1000000.000000
1.250000    4   0.582024   0.002342   0.000000   85.313474   -0.066764   0.000000   1000000.000000
1.250000    4   0.582024   0.002342   0.000000   85.313474   -0.066764   0.000000   1000000.000000
1.250000    4   0.582024   0.002342   0.000000   85.313474   -0.066764   0.000000   1000000.000000
1.250000    4   0.582024   0.002342   0.000000   85.313474   -0.066764   0.000000   1000000.000000
1.500000    5   0.443272   0.003865   0.261235   85.293377   -0.112113   83.384387   1000000.000000
1.500000    5   0.443272   0.003865   0.219629   85.293377   -0.112113   1.445271   1000000.000000
1.500000    5   0.443272   0.003865   -0.030749   85.293377   -0.112113   0.448661   1000000.000000
1.500000    5   0.443272   0.003865   -0.007671   85.293377   -0.112113   0.029251   1000000.000000
1.500000    5   0.443272   0.003865   0.000758   85.293377   -0.112113   -0.012064   1000000.000000
1.500000    5   0.443272   0.003865   0.000063   85.293377   -0.112113   -0.003018   1000000.000000
1.500000    5   0.443272   0.003865   -0.000009   85.293377   -0.112113   -0.001262   1000000.000000
1.500000    5   0.443272   0.003865   0.000000   85.293377   -0.112113   0.000000   1000000.000000
1.500000    5   0.443272   0.003865   0.000000   85.293377   -0.112113   0.000000   1000000.000000
1.500000    5   0.443272   0.003865   0.000000   85.293377   -0.112113   0.000000   1000000.000000
1.750000    6   0.307592   0.006104   0.121679   85.296200   -0.055405   82.972846   1000000.000000
1.750000    6   0.307592   0.006104   0.210685   85.296200   -0.055405   1.744362   1000000.000000
1.750000    6   0.307592   0.006104   -0.019171   85.296200   -0.055405   0.588766   1000000.000000
1.750000    6   0.307592   0.006104   -0.006437   85.296200   -0.055405   0.008201   1000000.000000
1.750000    6   0.307592   0.006104   0.000697   85.296200   -0.055405   -0.027555   1000000.000000
1.750000    6   0.307592   0.006104   0.000127   85.296200   -0.055405   0.004032   1000000.000000
1.750000    6   0.307592   0.006104   -0.000001   85.296200   -0.055405   0.002079   1000000.000000
1.750000    6   0.307592   0.006104   0.000000   85.296200   -0.055405   0.000000   1000000.000000
1.750000    6   0.307592   0.006104   0.000000   85.296200   -0.055405   0.000000   1000000.000000
1.750000    6   0.307592   0.006104   0.000000   85.296200   -0.055405   0.000000   1000000.000000
2.000000    7   0.187593   0.006534   0.008784   85.320516   -0.075348   82.517476   1000000.000000
2.000000    7   0.187593   0.006534   0.187446   85.320516   -0.075348   1.968565   1000000.000000
2.000000    7   0.187593   0.006534   -0.006510   85.320516   -0.075348   0.855946   1000000.000000
2.000000    7   0.187593   0.006534   -0.003713   85.320516   -0.075348   0.025216   1000000.000000
2.000000    7   0.187593   0.006534   0.001481   85.320516   -0.075348   -0.047798   1000000.000000
2.000000    7   0.187593   0.006534   0.000069   85.320516   -0.075348   -0.001672   1000000.000000
2.000000    7   0.187593   0.006534   0.000024   85.320516   -0.075348   -0.000060   1000000.000000
2.000000    7   0.187593   0.006534   0.000008   85.320516   -0.075348   -0.000987   1000000.000000
2.000000    7   0.187593   0.006534   0.000000   85.320516   -0.075348   0.000000   1000000.000000
2.000000    7   0.187593   0.006534   0.000000   85.320516   -0.075348   0.000000   1000000.000000
2.250000    8   0.085692   0.006599   -0.071432   85.409649   -0.106447   82.068451   1000000.000000
2.250000    8   0.085692   0.006599   0.153875   85.409649   -0.106447   2.244506   1000000.000000
2.250000    8   0.085692   0.006599   0.003847   85.409649   -0.106447   1.017001   1000000.000000
2.250000    8   0.085692   0.006599   -0.002871   85.409649   -0.106447   0.011937   1000000.000000
2.250000    8   0.085692   0.006599   0.002429   85.409649   -0.106447   0.039178   1000000.000000
2.250000    8   0.085692   0.006599   -0.000172   85.409649   -0.106447   0.011165   1000000.000000
2.250000    8   0.085692   0.006599   0.000059   85.409649   -0.106447   0.013127   1000000.000000
2.250000    8   0.085692   0.006599   -0.000024   85.409649   -0.106447   0.002511   1000000.000000
2.250000    8   0.085692   0.006599   0.000000   85.409649   -0.106447   0.000000   1000000.000000
2.250000    8   0.085692   0.006599   0.000000   85.409649   -0.106447   0.000000   1000000.000000
2.500000    9   0.010697   0.005101   -0.118321   85.116709   -0.079294   81.495697   1000000.000000
2.500000    9   0.010697   0.005101   0.119237   85.116709   -0.079294   2.504586   1000000.000000
2.500000    9   0.010697   0.005101   0.007436   85.116709   -0.079294   1.091851   1000000.000000
2.500000    9   0.010697   0.005101   0.000065   85.116709   -0.079294   0.057435   1000000.000000
2.500000    9   0.010697   0.005101   0.002801   85.116709   -0.079294   -0.069115   1000000.000000
2.500000    9   0.010697   0.005101   -0.000459   85.116709   -0.079294   0.010659   1000000.000000
2.500000    9   0.010697   0.005101   0.000007   85.116709   -0.079294   0.021094   1000000.000000
2.500000    9   0.010697   0.005101   -0.000061   85.116709   -0.079294   0.002283   1000000.000000
2.500000    9   0.010697   0.005101   0.000000   85.116709   -0.079294   0.000000   1000000.000000
2.500000    9   0.010697   0.005101   0.000000   85.116709   -0.079294   0.000000   1000000.000000
2.750000    10   -0.033632   0.002948   -0.127032   85.137139   -0.053562   81.101188   1000000.000000
2.750000    10   -0.033632   0.002948   0.085713   85.137139   -0.053562   2.915151   1000000.000000
2.750000    10   -0.033632   0.002948   0.001134   85.137139   -0.053562   1.230549   1000000.000000
2.750000    10   -0.033632   0.002948   0.002475   85.137139   -0.053562   -0.016630   1000000.000000
2.750000    10   -0.033632   0.002948   0.004822   85.137139   -0.053562   -0.116937   1000000.000000
2.750000    10   -0.033632   0.002948   -0.000764   85.137139   -0.053562   0.020801   1000000.000000
2.750000    10   -0.033632   0.002948   0.000129   85.137139   -0.053562   0.004138   1000000.000000
2.750000    10   -0.033632   0.002948   -0.000125   85.137139   -0.053562   -0.002379   1000000.000000
2.750000    10   -0.033632   0.002948   0.000000   85.137139   -0.053562   0.000000   1000000.000000
2.750000    10   -0.033632   0.002948   0.000000   85.137139   -0.053562   0.000000   1000000.000000
3.000000    11   -0.044855   0.002637   -0.099559   84.835522   -0.052555   80.644762   1000000.000000
3.000000    11   -0.044855   0.002637   0.056044   84.835522   -0.052555   3.327639   1000000.000000
3.000000    11   -0.044855   0.002637   -0.013623   84.835522   -0.052555   1.037498   1000000.000000
3.000000    11   -0.044855   0.002637   0.004404   84.835522   -0.052555   0.023480   1000000.000000
3.000000    11   -0.044855   0.002637   0.007987   84.835522   -0.052555   -0.191286   1000000.000000
3.000000    11   -0.044855   0.002637   -0.000222   84.835522   -0.052555   0.016486   1000000.000000
3.000000    11   -0.044855   0.002637   0.000248   84.835522   -0.052555   -0.026768   1000000.000000
3.000000    11   -0.044855   0.002637   -0.000155   84.835522   -0.052555   0.002336   1000000.000000
3.000000    11   -0.044855   0.002637   -0.000000   84.835522   -0.052555   -0.000781   1000000.000000
3.000000    11   -0.044855   0.002637   0.000000   84.835522   -0.052555   0.000000   1000000.000000
3.250000    12   -0.025177   0.003224   -0.038699   85.222608   -0.154895   80.359395   1000000.000000
3.250000    12   -0.025177   0.003224   0.032395   85.222608   -0.154895   3.757005   1000000.000000
3.250000    12   -0.025177   0.003224   -0.035010   85.222608   -0.154895   1.241702   1000000.000000
3.250000    12   -0.025177   0.003224   0.005526   85.222608   -0.154895   0.043078   1000000.000000
3.250000    12   -0.025177   0.003224   0.010182   85.222608   -0.154895   -0.206693   1000000.000000
3.250000    12   -0.025177   0.003224   -0.000135   85.222608   -0.154895   -0.009291   1000000.000000
3.250000    12   -0.025177   0.003224   0.000397   85.222608   -0.154895   0.012783   1000000.000000
3.250000    12   -0.025177   0.003224   0.000202   85.222608   -0.154895   0.021045   1000000.000000
3.250000    12   -0.025177   0.003224   -0.000023   85.222608   -0.154895   0.002726   1000000.000000
3.250000    12   -0.025177   0.003224   0.000000   85.222608   -0.154895   0.000000   1000000.000000
3.500000    13   0.020244   0.003569   0.049879   85.508141   -0.052149   79.878580   1000000.000000
3.500000    13   0.020244   0.003569   0.014388   85.508141   -0.052149   4.322877   1000000.000000
3.500000    13   0.020244   0.003569   -0.061700   85.508141   -0.052149   1.297388   1000000.000000
3.500000    13   0.020244   0.003569   0.004008   85.508141   -0.052149   0.096802   1000000.000000
3.500000    13   0.020244   0.003569   0.013116   85.508141   -0.052149   -0.147673   1000000.000000
3.500000    13   0.020244   0.003569   0.000069   85.508141   -0.052149   -0.036674   1000000.000000
3.500000    13   0.020244   0.003569   0.000518   85.508141   -0.052149   0.042984   1000000.000000
3.500000    13   0.020244   0.003569   -0.000011   85.508141   -0.052149   0.052148   1000000.000000
3.500000    13   0.020244   0.003569   0.000011   85.508141   -0.052149   0.002874   1000000.000000
3.500000    13   0.020244   0.003569   -0.000020   85.508141   -0.052149   -0.001147   1000000.000000
3.750000    14   0.081423   0.002228   0.158045   85.798386   0.084280   79.395162   1000000.000000
3.750000    14   0.081423   0.002228   0.000401   85.798386   0.084280   4.873627   1000000.000000
3.750000    14   0.081423   0.002228   -0.091912   85.798386   0.084280   1.362226   1000000.000000
3.750000    14   0.081423   0.002228   0.000188   85.798386   0.084280   0.022374   1000000.000000
3.750000    14   0.081423   0.002228   0.013890   85.798386   0.084280   0.093412   1000000.000000
3.750000    14   0.081423   0.002228   0.000137   85.798386   0.084280   -0.106636   1000000.000000
3.750000    14   0.081423   0.002228   0.000781   85.798386   0.084280   0.125680   1000000.000000
3.750000    14   0.081423   0.002228   -0.000057   85.798386   0.084280   0.046720   1000000.000000
3.750000    14   0.081423   0.002228   0.000046   85.798386   0.084280   -0.015493   1000000.000000
3.750000    14   0.081423   0.002228   -0.000081   85.798386   0.084280   0.000232   1000000.000000
4.000000    15   0.157973   0.000824   0.277606   85.836553   0.175767   78.874021   1000000.000000
4.000000    15   0.157973   0.000824   -0.009354   85.836553   0.175767   5.326440   1000000.000000
4.000000    15   0.157973   0.000824   -0.125855   85.836553   0.175767   1.483119   1000000.000000
4.000000    15   0.157973   0.000824   -0.001229   85.836553   0.175767   0.119669   1000000.000000
4.000000    15   0.157973   0.000824   0.016233   85.836553   0.175767   -0.118660   1000000.000000
4.000000    15   0.157973   0.000824   0.000150   85.836553   0.175767   0.001696   1000000.000000
4.000000    15   0.157973   0.000824   0.000509   85.836553   0.175767   0.094617   1000000.000000
4.000000    15   0.157973   0.000824   0.000142   85.836553   0.175767   0.077856   1000000.000000
4.000000    15   0.157973   0.000824   -0.000135   85.836553   0.175767   -0.024096   1000000.000000
4.000000    15   0.157973   0.000824   -0.000107   85.836553   0.175767   0.000358   1000000.000000
4.250000    16   0.242417   0.000747   0.394298   86.005859   -0.330940   78.348804   1000000.000000
4.250000    16   0.242417   0.000747   -0.011951   86.005859   -0.330940   5.907255   1000000.000000
4.250000    16   0.242417   0.000747   -0.156729   86.005859   -0.330940   1.757505   1000000.000000
4.250000    16   0.242417   0.000747   -0.004469   86.005859   -0.330940   -0.052286   1000000.000000
4.250000    16   0.242417   0.000747   0.018807   86.005859   -0.330940   -0.186628   1000000.000000
4.250000    16   0.242417   0.000747   0.001971   86.005859   -0.330940   0.016747   1000000.000000
4.250000    16   0.242417   0.000747   -0.000200   86.005859   -0.330940   0.050914   1000000.000000
4.250000    16   0.242417   0.000747   0.000934   86.005859   -0.330940   0.175208   1000000.000000
4.250000    16   0.242417   0.000747   -0.000194   86.005859   -0.330940   -0.017804   1000000.000000
4.250000    16   0.242417   0.000747   -0.000078   86.005859   -0.330940   0.005311   1000000.000000
4.500000    17   0.326320   0.005841   0.497748   86.382389   0.177024   77.900534   1000000.000000
4.500000    17   0.326320   0.005841   -0.004913   86.382389   0.177024   6.416138   1000000.000000
4.500000    17   0.326320   0.005841   -0.179239   86.382389   0.177024   1.932956   1000000.000000
4.500000    17   0.326320   0.005841   -0.013780   86.382389   0.177024   0.061664   1000000.000000
4.500000    17   0.326320   0.005841   0.026325   86.382389   0.177024   -0.221919   1000000.000000
4.500000    17   0.326320   0.005841   0.001123   86.382389   0.177024   0.083629   1000000.000000
4.500000    17   0.326320   0.005841   -0.001310   86.382389   0.177024   0.032936   1000000.000000
4.500000    17   0.326320   0.005841   0.001388   86.382389   0.177024   0.146776   1000000.000000
4.500000    17   0.326320   0.005841   -0.000687   86.382389   0.177024   -0.011318   1000000.000000
4.500000    17   0.326320   0.005841   -0.000239   86.382389   0.177024   0.016549   1000000.000000
4.750000    18   0.396293   0.006257   0.580753   86.268421   0.124101   77.629328   1000000.000000
4.750000    18   0.396293   0.006257   0.008796   86.268421   0.124101   6.881537   1000000.000000
4.750000    18   0.396293   0.006257   -0.201059   86.268421   0.124101   1.669959   1000000.000000
4.750000    18   0.396293   0.006257   -0.021706   86.268421   0.124101   -0.085982   1000000.000000
4.750000    18   0.396293   0.006257   0.031231   86.268421   0.124101   -0.222635   1000000.000000
4.750000    18   0.396293   0.006257   0.002129   86.268421   0.124101   0.185484   1000000.000000
4.750000    18   0.396293   0.006257   -0.003266   86.268421   0.124101   -0.004955   1000000.000000
4.750000    18   0.396293   0.006257   0.000886   86.268421   0.124101   0.131487   1000000.000000
4.750000    18   0.396293   0.006257   -0.001216   86.268421   0.124101   0.054717   1000000.000000
4.750000    18   0.396293   0.006257   -0.000190   86.268421   0.124101   0.003849   1000000.000000
5.000000    19   0.449047   0.010627   0.632835   86.042404   0.313180   76.964964   1000000.000000
5.000000    19   0.449047   0.010627   0.028929   86.042404   0.313180   7.209493   1000000.000000
5.000000    19   0.449047   0.010627   -0.212901   86.042404   0.313180   1.757421   1000000.000000
5.000000    19   0.449047   0.010627   -0.031783   86.042404   0.313180   -0.225510   1000000.000000
5.000000    19   0.449047   0.010627   0.031503   86.042404   0.313180   -0.298997   1000000.000000
5.000000    19   0.449047   0.010627   0.003634   86.042404   0.313180   0.279856   1000000.000000
5.000000    19   0.449047   0.010627   -0.002405   86.042404   0.313180   0.128955   1000000.000000
5.000000    19   0.449047   0.010627   0.000898   86.042404   0.313180   0.208874   1000000.000000
5.000000    19   0.449047   0.010627   -0.001358   86.042404   0.313180   0.026132   1000000.000000
5.000000    19   0.449047   0.010627   -0.000146   86.042404   0.313180   -0.036026   1000000.000000
5.250000    20   0.475781   0.015713   0.653161   86.670385   0.013294   76.625403   999999.000000
5.250000    20   0.475781   0.015713   0.052779   86.670385   0.013294   7.485148   999999.000000
5.250000    20   0.475781   0.015713   -0.219008   86.670385   0.013294   2.206525   999999.000000
5.250000    20   0.475781   0.015713   -0.041389   86.670385   0.013294   -0.262948   999999.000000
5.250000    20   0.475781   0.015713   0.032950   86.670385   0.013294   -0.108690   999999.000000
5.250000    20   0.475781   0.015713   0.000449   86.670385   0.013294   0.424925   999999.000000
5.250000    20   0.475781   0.015713   -0.000355   86.670385   0.013294   0.141812   999999.000000
5.250000    20   0.475781   0.015713   -0.001369   86.670385   0.013294   0.224809   999999.000000
5.250000    20   0.475781   0.015713   -0.001042   86.670385   0.013294   -0.045397   999999.000000
5.250000    20   0.475781   0.015713   -0.000193   86.670385   0.013294   -0.042649   999999.000000
5.500000    21   0.490375   0.019974   0.640332   86.831111   0.215148   76.140028   999997.000000
5.500000    21   0.490375   0.019974   0.074449   86.831111   0.215148   7.960124   999997.000000
5.500000    21   0.490375   0.019974   -0.210715   86.831111   0.215148   2.795304   999997.000000
5.500000    21   0.490375   0.019974   -0.041396   86.831111   0.215148   -0.551887   999997.000000
5.500000    21   0.490375   0.019974   0.032711   86.831111   0.215148   0.075440   999997.000000
5.500000    21   0.490375   0.019974   -0.003194   86.831111   0.215148   0.152078   999997.000000
5.500000    21   0.490375   0.019974   0.001483   86.831111   0.215148   0.087898   999997.000000
5.500000    21   0.490375   0.019974   -0.002562   86.831111   0.215148   0.229682   999997.000000
5.500000    21   0.490375   0.019974   -0.000482   86.831111   0.215148   -0.090100   999997.000000
5.500000    21   0.490375   0.019974   -0.000539   86.831111   0.215148   0.000684   999997.000000
5.750000    22   0.473408   0.025721   0.596413   87.344442   0.579703   75.670710   999993.000000
5.750000    22   0.473408   0.025721   0.098224   87.344442   0.579703   8.482158   999993.000000
5.750000    22   0.473408   0.025721   -0.201060   87.344442   0.579703   3.250780   999993.000000
5.750000    22   0.473408   0.025721   -0.050098   87.344442   0.579703   -0.773020   999993.000000
5.750000    22   0.473408   0.025721   0.026748   87.344442   0.579703   0.013896   999993.000000
5.750000    22   0.473408   0.025721   -0.001563   87.344442   0.579703   0.195473   999993.000000
5.750000    22   0.473408   0.025721   0.005111   87.344442   0.579703   0.146344   999993.000000
5.750000    22   0.473408   0.025721   -0.000269   87.344442   0.579703   0.190228   999993.000000
5.750000    22   0.473408   0.025721   -0.000253   87.344442   0.579703   0.072830   999993.000000
5.750000    22   0.473408   0.025721   -0.000030   87.344442   0.579703   0.021275   999993.000000
6.000000    23   0.434136   0.039445   0.525666   88.244881   -0.069295   75.099653   999992.000000
6.000000    23   0.434136   0.039445   0.109403   88.244881   -0.069295   8.667681   999992.000000
6.000000    23   0.434136   0.039445   -0.184758   88.244881   -0.069295   3.516650   999992.000000
6.000000    23   0.434136   0.039445   -0.051466   88.244881   -0.069295   -0.734521   999992.000000
6.000000    23   0.434136   0.039445   0.028928   88.244881   -0.069295   0.147971   999992.000000
6.000000    23   0.434136   0.039445   0.001403   88.244881   -0.069295   0.607599   999992.000000
6.000000    23   0.434136   0.039445   0.005510   88.244881   -0.069295   0.515441   999992.000000
6.000000    23   0.434136   0.039445   -0.001326   88.244881   -0.069295   0.258730   999992.000000
6.000000    23   0.434136   0.039445   0.000238   88.244881   -0.069295   0.078403   999992.000000
6.000000    23   0.434136   0.039445   0.000603   88.244881   -0.069295   -0.029461   999992.000000
6.250000    24   0.355608   0.028164   0.437862   87.071004   -0.719893   74.790942   999990.000000
6.250000    24   0.355608   0.028164   0.114742   87.071004   -0.719893   8.680368   999990.000000
6.250000    24   0.355608   0.028164   -0.165562   87.071004   -0.719893   3.089431   999990.000000
6.250000    24   0.355608   0.028164   -0.054870   87.071004   -0.719893   -1.133129   999990.000000
6.250000    24   0.355608   0.028164   0.025140   87.071004   -0.719893   0.088420   999990.000000
6.250000    24   0.355608   0.028164   -0.004654   87.071004   -0.719893   0.142002   999990.000000
6.250000    24   0.355608   0.028164   0.002762   87.071004   -0.719893   0.665875   999990.000000
6.250000    24   0.355608   0.028164   0.000734   87.071004   -0.719893   0.368232   999990.000000
6.250000    24   0.355608   0.028164   -0.001117   87.071004   -0.719893   0.382678   999990.000000
6.250000    24   0.355608   0.028164   0.000301   87.071004   -0.719893   -0.075129   999990.000000
6.500000    25   0.288426   0.017567   0.335240   87.405082   -1.397242   74.317192   999984.000000
6.500000    25   0.288426   0.017567   0.118332   87.405082   -1.397242   8.760648   999984.000000
6.500000    25   0.288426   0.017567   -0.146397   87.405082   -1.397242   3.609018   999984.000000
6.500000    25   0.288426   0.017567   -0.039977   87.405082   -1.397242   -1.362169   999984.000000
6.500000    25   0.288426   0.017567   0.018101   87.405082   -1.397242   0.096116   999984.000000
6.500000    25   0.288426   0.017567   -0.008361   87.405082   -1.397242   0.321405   999984.000000
6.500000    25   0.288426   0.017567   0.001100   87.405082   -1.397242   0.822085   999984.000000
6.500000    25   0.288426   0.017567   0.012041   87.405082   -1.397242   0.347914   999984.000000
6.500000    25   0.288426   0.017567   -0.004287   87.405082   -1.397242   0.272610   999984.000000
6.500000    25   0.288426   0.017567   0.002211   87.405082   -1.397242   0.136909   999984.000000
6.750000    26   0.179346   0.019354   0.225139   86.625497   -0.920077   73.707200   999981.000000
6.750000    26   0.179346   0.019354   0.112926   86.625497   -0.920077   8.895820   999981.000000
6.750000    26   0.179346   0.019354   -0.127681   86.625497   -0.920077   3.374899   999981.000000
6.750000    26   0.179346   0.019354   -0.040240   86.625497   -0.920077   -0.993380   999981.000000
6.750000    26   0.179346   0.019354   0.010682   86.625497   -0.920077   -0.538177   999981.000000
6.750000    26   0.179346   0.019354   -0.000026   86.625497   -0.920077   0.604869   999981.000000
6.750000    26   0.179346   0.019354   -0.006286   86.625497   -0.920077   0.899716   999981.000000
6.750000    26   0.179346   0.019354   0.010604   86.625497   -0.920077   -0.126898   999981.000000
6.750000    26   0.179346   0.019354   -0.008101   86.625497   -0.920077   0.528302   999981.000000
6.750000    26   0.179346   0.019354   0.002637   86.625497   -0.920077   0.193435   999981.000000
7.000000    27   0.086799   0.008179   0.119158   87.387019   0.565226   72.933545   999975.000000
7.000000    27   0.086799   0.008179   0.097313   87.387019   0.565226   9.034006   999975.000000
7.000000    27   0.086799   0.008179   -0.113648   87.387019   0.565226   4.041929   999975.000000
7.000000    27   0.086799   0.008179   -0.033550   87.387019   0.565226   -0.928006   999975.000000
7.000000    27   0.086799   0.008179   0.017962   87.387019   0.565226   -0.339476   999975.000000
7.000000    27   0.086799   0.008179   0.007377   87.387019   0.565226   1.240601   999975.000000
7.000000    27   0.086799   0.008179   -0.006321   87.387019   0.565226   0.539241   999975.000000
7.000000    27   0.086799   0.008179   0.002482   87.387019   0.565226   0.177092   999975.000000
7.000000    27   0.086799   0.008179   -0.007482   87.387019   0.565226   0.366231   999975.000000
7.000000    27   0.086799   0.008179   0.001741   87.387019   0.565226   0.382300   999975.000000
7.250000    28   -0.014996   0.011999   0.028951   86.778488   2.618033   72.416471   999959.000000
7.250000    28   -0.014996   0.011999   0.089064   86.778488   2.618033   9.481830   999959.000000
7.250000    28   -0.014996   0.011999   -0.115407   86.778488   2.618033   3.610064   999959.000000
7.250000    28   -0.014996   0.011999   -0.034565   86.778488   2.618033   -1.362852   999959.000000
7.250000    28   -0.014996   0.011999   0.018674   86.778488   2.618033   0.259558   999959.000000
7.250000    28   -0.014996   0.011999   0.000918   86.778488   2.618033   1.363020   999959.000000
7.250000    28   -0.014996   0.011999   -0.002370   86.778488   2.618033   0.273468   999959.000000
7.250000    28   -0.014996   0.011999   0.003946   86.778488   2.618033   0.050589   999959.000000
7.250000    28   -0.014996   0.011999   -0.006216   86.778488   2.618033   0.245457   999959.000000
7.250000    28   -0.014996   0.011999   0.003921   86.778488   2.618033   0.440967   999959.000000
7.500000    29   -0.103524   0.021359   -0.038107   86.473005   3.945026   72.198746   999940.000000
7.500000    29   -0.103524   0.021359   0.073497   86.473005   3.945026   9.612827   999940.000000
7.500000    29   -0.103524   0.021359   -0.126520   86.473005   3.945026   3.279725   999940.000000
7.500000    29   -0.103524   0.021359   -0.033907   86.473005   3.945026   -1.595835   999940.000000
7.500000    29   -0.103524   0.021359   0.017627   86.473005   3.945026   0.120361   999940.000000
7.500000    29   -0.103524   0.021359   0.000743   86.473005   3.945026   0.720625   999940.000000
7.500000    29   -0.103524   0.021359   -0.006044   86.473005   3.945026   0.663722   999940.000000
7.500000    29   -0.103524   0.021359   0.007548   86.473005   3.945026   0.517346   999940.000000
7.500000    29   -0.103524   0.021359   -0.002102   86.473005   3.945026   0.688867   999940.000000
7.500000    29   -0.103524   0.021359   0.005785   86.473005   3.945026   0.393568   999940.000000
7.750000    30   -0.170754   0.033275   -0.081574   86.257538   3.080911   71.791243   999918.000000
7.750000    30   -0.170754   0.033275   0.047135   86.257538   3.080911   9.740948   999918.000000
7.750000    30   -0.170754   0.033275   -0.138950   86.257538   3.080911   4.191238   999918.000000
7.750000    30   -0.170754   0.033275   -0.015908   86.257538   3.080911   -2.170125   999918.000000
7.750000    30   -0.170754   0.033275   0.024816   86.257538   3.080911   0.050141   999918.000000
7.750000    30   -0.170754   0.033275   0.001495   86.257538   3.080911   1.098459   999918.000000
7.750000    30   -0.170754   0.033275   -0.004348   86.257538   3.080911   0.071468   999918.000000
7.750000    30   -0.170754   0.033275   -0.000123   86.257538   3.080911   1.078677   999918.000000
7.750000    30   -0.170754   0.033275   -0.011594   86.257538   3.080911   0.552113   999918.000000
7.750000    30   -0.170754   0.033275   0.010722   86.257538   3.080911   0.536356   999918.000000
8.000000    31   -0.177986   0.043908   -0.094912   85.143001   4.195669   71.623791   999895.000000
8.000000    31   -0.177986   0.043908   0.024216   85.143001   4.195669   9.770105   999895.000000
8.000000    31   -0.177986   0.043908   -0.157859   85.143001   4.195669   5.417304   999895.000000
8.000000    31   -0.177986   0.043908   -0.010464   85.143001   4.195669   -2.949401   999895.000000
8.000000    31   -0.177986   0.043908   0.041421   85.143001   4.195669   0.578902   999895.000000
8.000000    31   -0.177986   0.043908   0.009663   85.143001   4.195669   0.706739   999895.000000
8.000000    31   -0.177986   0.043908   -0.003312   85.143001   4.195669   -0.003811   999895.000000
8.000000    31   -0.177986   0.043908   -0.004445   85.143001   4.195669   0.340244   999895.000000
8.000000    31   -0.177986   0.043908   -0.002128   85.143001   4.195669   0.475325   999895.000000
8.000000    31   -0.177986   0.043908   0.020680   85.143001   4.195669   -0.206289   999895.000000
8.250000    32   -0.190735   0.053703   -0.076923   86.158301   3.541354   70.902250   999870.000000
8.250000    32   -0.190735   0.053703   0.005334   86.158301   3.541354   9.929205   999870.000000
8.250000    32   -0.190735   0.053703   -0.186939   86.158301   3.541354   5.583523   999870.000000
8.250000    32   -0.190735   0.053703   -0.014654   86.158301   3.541354   -3.172431   999870.000000
8.250000    32   -0.190735   0.053703   0.073958   86.158301   3.541354   0.466176   999870.000000
8.250000    32   -0.190735   0.053703   -0.006278   86.158301   3.541354   0.337560   999870.000000
8.250000    32   -0.190735   0.053703   0.000195   86.158301   3.541354   1.687457   999870.000000
8.250000    32   -0.190735   0.053703   -0.005742   86.158301   3.541354   0.322806   999870.000000
8.250000    32   -0.190735   0.053703   -0.000026   86.158301   3.541354   0.542573   999870.000000
8.250000    32   -0.190735   0.053703   0.021399   86.158301   3.541354   -0.393045   999870.000000
8.500000    33   -0.220007   0.078440   -0.029465   86.836442   3.953469   70.906921   999834.000000
8.500000    33   -0.220007   0.078440   -0.002162   86.836442   3.953469   10.684131   999834.000000
8.500000    33   -0.220007   0.078440   -0.223227   86.836442   3.953469   5.090759   999834.000000
8.500000    33   -0.220007   0.078440   -0.027749   86.836442   3.953469   -3.397099   999834.000000
8.500000    33   -0.220007   0.078440   0.071224   86.836442   3.953469   1.693834   999834.000000
8.500000    33   -0.220007   0.078440   -0.018236   86.836442   3.953469   -0.201913   999834.000000
8.500000    33   -0.220007   0.078440   -0.006741   86.836442   3.953469   1.111370   999834.000000
8.500000    33   -0.220007   0.078440   -0.011451   86.836442   3.953469   -0.057587   999834.000000
8.500000    33   -0.220007   0.078440   0.008545   86.836442   3.953469   1.739932   999834.000000
8.500000    33   -0.220007   0.078440   0.021521   86.836442   3.953469   -0.210469   999834.000000
8.750000    34   -0.160041   0.083937   0.036356   86.010317   3.322169   70.343888   999781.000000
8.750000    34   -0.160041   0.083937   -0.014257   86.010317   3.322169   10.600763   999781.000000
8.750000    34   -0.160041   0.083937   -0.260386   86.010317   3.322169   5.335932   999781.000000
8.750000    34   -0.160041   0.083937   -0.020214   86.010317   3.322169   -3.023749   999781.000000
8.750000    34   -0.160041   0.083937   0.075839   86.010317   3.322169   2.584261   999781.000000
8.750000    34   -0.160041   0.083937   -0.000692   86.010317   3.322169   0.926876   999781.000000
8.750000    34   -0.160041   0.083937   0.008975   86.010317   3.322169   0.880098   999781.000000
8.750000    34   -0.160041   0.083937   -0.024277   86.010317   3.322169   -0.077438   999781.000000
8.750000    34   -0.160041   0.083937   0.014588   86.010317   3.322169   -0.577783   999781.000000
8.750000    34   -0.160041   0.083937   0.025850   86.010317   3.322169   -0.177344   999781.000000
9.000000    35   -0.127755   0.124337   0.115179   84.042968   4.386762   69.351791   999733.000000
9.000000    35   -0.127755   0.124337   -0.026661   84.042968   4.386762   11.026253   999733.000000
9.000000    35   -0.127755   0.124337   -0.304855   84.042968   4.386762   4.845313   999733.000000
9.000000    35   -0.127755   0.124337   -0.024012   84.042968   4.386762   -3.642210   999733.000000
9.000000    35   -0.127755   0.124337   0.081760   84.042968   4.386762   2.295579   999733.000000
9.000000    35   -0.127755   0.124337   0.015244   84.042968   4.386762   2.027994   999733.000000
9.000000    35   -0.127755   0.124337   0.022391   84.042968   4.386762   0.554390   999733.000000
9.000000    35   -0.127755   0.124337   -0.042604   84.042968   4.386762   -1.085769   999733.000000
9.000000    35   -0.127755   0.124337   0.020629   84.042968   4.386762   -0.658489   999733.000000
9.000000    35   -0.127755   0.124337   0.015568   84.042968   4.386762   -0.650641   999733.000000
9.250000    36   -0.006433   0.176887   0.207901   85.743333   2.917991   69.385860   999677.000000
9.250000    36   -0.006433   0.176887   -0.011321   85.743333   2.917991   11.087053   999677.000000
9.250000    36   -0.006433   0.176887   -0.335733   85.743333   2.917991   5.955004   999677.000000
9.250000    36   -0.006433   0.176887   -0.007316   85.743333   2.917991   -4.457482   999677.000000
9.250000    36   -0.006433   0.176887   0.095028   85.743333   2.917991   4.998463   999677.000000
9.250000    36   -0.006433   0.176887   0.015756   85.743333   2.917991   0.284839   999677.000000
9.250000    36   -0.006433   0.176887   0.036163   85.743333   2.917991   1.075874   999677.000000
9.250000    36   -0.006433   0.176887   -0.039684   85.743333   2.917991   -0.659481   999677.000000
9.250000    36   -0.006433   0.176887   0.024645   85.743333   2.917991   -0.722910   999677.000000
9.250000    36   -0.006433   0.176887   0.009335   85.743333   2.917991   -1.013912   999677.000000
9.500000    37   0.082580   0.163511   0.303486   82.114430   7.207342   69.135910   999588.000000
9.500000    37   0.082580   0.163511   -0.007968   82.114430   7.207342   11.450255   999588.000000
9.500000    37   0.082580   0.163511   -0.371215   82.114430   7.207342   4.644069   999588.000000
9.500000    37   0.082580   0.163511   -0.012311   82.114430   7.207342   -4.943148   999588.000000
9.500000    37   0.082580   0.163511   0.076870   82.114430   7.207342   5.256477   999588.000000
9.500000    37   0.082580   0.163511   0.044971   82.114430   7.207342   0.626076   999588.000000
9.500000    37   0.082580   0.163511   0.035644   82.114430   7.207342   -1.647292   999588.000000
9.500000    37   0.082580   0.163511   -0.012267   82.114430   7.207342   -0.249846   999588.000000
9.500000    37   0.082580   0.163511   0.019707   82.114430   7.207342   -0.208329   999588.000000
9.500000    37   0.082580   0.163511   -0.000317   82.114430   7.207342   -1.505588   999588.000000
9.750000    38   0.062448   0.237409   0.391068   81.692906   6.394541   69.080847   999499.000000
9.750000    38   0.062448   0.237409   -0.009447   81.692906   6.394541   11.581294   999499.000000
9.750000    38   0.062448   0.237409   -0.392296   81.692906   6.394541   4.615778   999499.000000
9.750000    38   0.062448   0.237409   -0.021805   81.692906   6.394541   -4.286137   999499.000000
9.750000    38   0.062448   0.237409   0.088165   81.692906   6.394541   3.089157   999499.000000
9.750000    38   0.062448   0.237409   0.047357   81.692906   6.394541   -0.210165   999499.000000
9.750000    38   0.062448   0.237409   -0.006904   81.692906   6.394541   0.191432   999499.000000
9.750000    38   0.062448   0.237409   -0.011461   81.692906   6.394541   1.940897   999499.000000
9.750000    38   0.062448   0.237409   0.008434   81.692906   6.394541   -1.237444   999499.000000
9.750000    38   0.062448   0.237409   -0.028299   81.692906   6.394541   -2.269333   999499.000000
10.000000    39   0.101410   0.271224   0.468741   82.339605   4.821534   68.802423   999404.000000
10.000000    39   0.101410   0.271224   -0.001638   82.339605   4.821534   12.038055   999404.000000
10.000000    39   0.101410   0.271224   -0.410810   82.339605   4.821534   3.919214   999404.000000
10.000000    39   0.101410   0.271224   -0.021891   82.339605   4.821534   -4.704284   999404.000000
10.000000    39   0.101410   0.271224   0.099080   82.339605   4.821534   0.337780   999404.000000
10.000000    39   0.101410   0.271224   0.053449   82.339605   4.821534   -0.419672   999404.000000
10.000000    39   0.101410   0.271224   -0.036442   82.339605   4.821534   0.470611   999404.000000
10.000000    39   0.101410   0.271224   -0.000861   82.339605   4.821534   4.212566   999404.000000
10.000000    39   0.101410   0.271224   0.001327   82.339605   4.821534   0.474615   999404.000000
10.000000    39   0.101410   0.271224   -0.043365   82.339605   4.821534   -3.373814   999404.000000
10.250000    40   0.166230   0.250340   0.522254   83.530177   7.850480   67.953761   999297.000000
10.250000    40   0.166230   0.250340   0.003912   83.530177   7.850480   12.542301   999297.000000
10.250000    40   0.166230   0.250340   -0.407031   83.530177   7.850480   7.586599   999297.000000
10.250000    40   0.166230   0.250340   -0.061586   83.530177   7.850480   -6.166611   999297.000000
10.250000    40   0.166230   0.250340   0.102094   83.530177   7.850480   0.745440   999297.000000
10.250000    40   0.166230   0.250340   0.074049   83.530177   7.850480   0.982258   999297.000000
10.250000    40   0.166230   0.250340   -0.042118   83.530177   7.850480   1.582477   999297.000000
10.250000    40   0.166230   0.250340   0.009666   83.530177   7.850480   3.464879   999297.000000
10.250000    40   0.166230   0.250340   -0.006499   83.530177   7.850480   2.144288   999297.000000
10.250000    40   0.166230   0.250340   -0.033090   83.530177   7.850480   -6.500146   999297.000000
10.500000    41   0.132859   0.154358   0.556095   78.976767   9.068309   68.234908   999200.000000
10.500000    41   0.132859   0.154358   0.013694   78.976767   9.068309   13.003297   999200.000000
10.500000    41   0.132859   0.154358   -0.424671   78.976767   9.068309   6.495375   999200.000000
10.500000    41   0.132859   0.154358   -0.081967   78.976767   9.068309   -5.225956   999200.000000
10.500000    41   0.132859   0.154358   0.087318   78.976767   9.068309   2.413224   999200.000000
10.500000    41   0.132859   0.154358   0.057074   78.976767   9.068309   2.991950   999200.000000
10.500000    41   0.132859   0.154358   -0.059865   78.976767   9.068309   2.536806   999200.000000
10.500000    41   0.132859   0.154358   0.028561   78.976767   9.068309   2.765144   999200.000000
10.500000    41   0.132859   0.154358   0.008378   78.976767   9.068309   2.616366   999200.000000
10.500000    41   0.132859   0.154358   -0.054508   78.976767   9.068309   -12.086369   999200.000000
10.750000    42   0.202846   0.034049   0.554340   82.378910   10.780474   68.254750   999058.000000
10.750000    42   0.202846   0.034049   0.012842   82.378910   10.780474   14.093074   999058.000000
10.750000    42   0.202846   0.034049   -0.429549   82.378910   10.780474   6.839363   999058.000000
10.750000    42   0.202846   0.034049   -0.080092   82.378910   10.780474   -6.231408   999058.000000
10.750000    42   0.202846   0.034049   0.095155   82.378910   10.780474   -0.575647   999058.000000
10.750000    42   0.202846   0.034049   0.049941   82.378910   10.780474   3.296063   999058.000000
10.750000    42   0.202846   0.034049   -0.029295   82.378910   10.780474   2.451658   999058.000000
10.750000    42   0.202846   0.034049   0.062776   82.378910   10.780474   -0.697355   999058.000000
10.750000    42   0.202846   0.034049   0.005054   82.378910   10.780474   2.461611   999058.000000
10.750000    42   0.202846   0.034049   -0.044139   82.378910   10.780474   -6.180396   999058.000000
11.000000    43   0.240544   -0.014469   0.525579   86.308797   20.914356   68.297261   998902.000000
11.000000    43   0.240544   -0.014469   0.018843   86.308797   20.914356   14.317843   998902.000000
11.000000    43   0.240544   -0.014469   -0.385919   86.308797   20.914356   7.116409   998902.000000
11.000000    43   0.240544   -0.014469   -0.124905   86.308797   20.914356   -5.562965   998902.000000
11.000000    43   0.240544   -0.014469   0.121591   86.308797   20.914356   1.315363   998902.000000
11.000000    43   0.240544   -0.014469   0.007939   86.308797   20.914356   3.524520   998902.000000
11.000000    43   0.240544   -0.014469   0.006539   86.308797   20.914356   3.268421   998902.000000
11.000000    43   0.240544   -0.014469   0.088371   86.308797   20.914356   -2.781673   998902.000000
11.000000    43   0.240544   -0.014469   -0.001622   86.308797   20.914356   6.136199   998902.000000
11.000000    43   0.240544   -0.014469   -0.037557   86.308797   20.914356   -6.614315   998902.000000
11.250000    44   0.271192   -0.127881   0.474381   83.265030   21.059205   68.293932   998719.000000
11.250000    44   0.271192   -0.127881   0.009197   83.265030   21.059205   14.008264   998719.000000
11.250000    44   0.271192   -0.127881   -0.332287   83.265030   21.059205   2.175684   998719.000000
11.250000    44   0.271192   -0.127881   -0.148951   83.265030   21.059205   -5.141866   998719.000000
11.250000    44   0.271192   -0.127881   0.148694   83.265030   21.059205   3.009027   998719.000000
11.250000    44   0.271192   -0.127881   -0.036988   83.265030   21.059205   6.117345   998719.000000
11.250000    44   0.271192   -0.127881   0.000614   83.265030   21.059205   1.271218   998719.000000
11.250000    44   0.271192   -0.127881   0.073764   83.265030   21.059205   -3.633002   998719.000000
11.250000    44   0.271192   -0.127881   0.034337   83.265030   21.059205   4.385358   998719.000000
11.250000    44   0.271192   -0.127881   0.001768   83.265030   21.059205   -5.627075   998719.000000
11.500000    45   0.292017   -0.230875   0.406166   71.254444   25.959257   68.324886   998524.000000
11.500000    45   0.292017   -0.230875   0.010797   71.254444   25.959257   13.912590   998524.000000
11.500000    45   0.292017   -0.230875   -0.306561   71.254444   25.959257   1.283307   998524.000000
11.500000    45   0.292017   -0.230875   -0.157364   71.254444   25.959257   -6.042471   998524.000000
11.500000    45   0.292017   -0.230875   0.127667   71.254444   25.959257   -0.226735   998524.000000
11.500000    45   0.292017   -0.230875   -0.054171   71.254444   25.959257   7.074428   998524.000000
11.500000    45   0.292017   -0.230875   -0.034464   71.254444   25.959257   -3.024512   998524.000000
11.500000    45   0.292017   -0.230875   0.119352   71.254444   25.959257   -2.026289   998524.000000
11.500000    45   0.292017   -0.230875   0.087166   71.254444   25.959257   1.297888   998524.000000
11.500000    45   0.292017   -0.230875   0.032397   71.254444   25.959257   -9.269231   998524.000000
11.750000    46   0.265971   -0.233441   0.324403   62.549101   24.651007   68.439818   998275.000000
11.750000    46   0.265971   -0.233441   0.001470   62.549101   24.651007   13.888831   998275.000000
11.750000    46   0.265971   -0.233441   -0.266138   62.549101   24.651007   2.001710   998275.000000
11.750000    46   0.265971   -0.233441   -0.082420   62.549101   24.651007   -6.025288   998275.000000
11.750000    46   0.265971   -0.233441   0.044401   62.549101   24.651007   -10.104928   998275.000000
11.750000    46   0.265971   -0.233441   -0.045345   62.549101   24.651007   7.680164   998275.000000
11.750000    46   0.265971   -0.233441   -0.101465   62.549101   24.651007   0.363782   998275.000000
11.750000    46   0.265971   -0.233441   0.160496   62.549101   24.651007   0.383128   998275.000000
11.750000    46   0.265971   -0.233441   0.062390   62.549101   24.651007   3.952209   998275.000000
11.750000    46   0.265971   -0.233441   0.048282   62.549101   24.651007   -16.013005   998275.000000
12.000000    47   0.265454   -0.147142   0.229799   81.019161   24.314603   67.406779   998008.000000
12.000000    47   0.265454   -0.147142   0.008754   81.019161   24.314603   15.005815   998008.000000
12.000000    47   0.265454   -0.147142   -0.255331   81.019161   24.314603   2.672285   998008.000000
12.000000    47   0.265454   -0.147142   -0.047969   81.019161   24.314603   -5.165015   998008.000000
12.000000    47   0.265454   -0.147142   0.023064   81.019161   24.314603   -0.484710   998008.000000
12.000000    47   0.265454   -0.147142   0.048837   81.019161   24.314603   9.875015   998008.000000
12.000000    47   0.265454   -0.147142   -0.075889   81.019161   24.314603   3.770370   998008.000000
12.000000    47   0.265454   -0.147142   0.096562   81.019161   24.314603   1.238038   998008.000000
12.000000    47   0.265454   -0.147142   0.069245   81.019161   24.314603   -0.398787   998008.000000
12.000000    47   0.265454   -0.147142   0.080011   81.019161   24.314603   -14.772766   998008.000000
12.250000    48   0.187260   0.098118   0.137844   72.596808   17.782988   66.890986   997754.000000
12.250000    48   0.187260   0.098118   0.009852   72.596808   17.782988   15.504406   997754.000000
12.250000    48   0.187260   0.098118   -0.232107   72.596808   17.782988   -1.845557   997754.000000
12.250000    48   0.187260   0.098118   -0.015615   72.596808   17.782988   -7.605439   997754.000000
12.250000    48   0.187260   0.098118   -0.022393   72.596808   17.782988   0.721096   997754.000000
12.250000    48   0.187260   0.098118   0.108177   72.596808   17.782988   8.561121   997754.000000
12.250000    48   0.187260   0.098118   -0.171570   72.596808   17.782988   2.628407   997754.000000
12.250000    48   0.187260   0.098118   0.079407   72.596808   17.782988   0.007668   997754.000000
12.250000    48   0.187260   0.098118   0.112409   72.596808   17.782988   -0.048675   997754.000000
12.250000    48   0.187260   0.098118   0.094895   72.596808   17.782988   -15.519544   997754.000000
12.500000    49   0.101166   -0.071155   0.048995   73.246422   9.809266   65.639799   997461.000000
12.500000    49   0.101166   -0.071155   -0.013700   73.246422   9.809266   15.839127   997461.000000
12.500000    49   0.101166   -0.071155   -0.211985   73.246422   9.809266   1.775361   997461.000000
12.500000    49   0.101166   -0.071155   0.008505   73.246422   9.809266   -10.712975   997461.000000
12.500000    49   0.101166   -0.071155   -0.026911   73.246422   9.809266   -3.311961   997461.000000
12.500000    49   0.101166   -0.071155   0.146087   73.246422   9.809266   7.969239   997461.000000
12.500000    49   0.101166   -0.071155   -0.101952   73.246422   9.809266   5.936302   997461.000000
12.500000    49   0.101166   -0.071155   0.034987   73.246422   9.809266   -6.670642   997461.000000
12.500000    49   0.101166   -0.071155   0.047377   73.246422   9.809266   5.034206   997461.000000
12.500000    49   0.101166   -0.071155   0.118710   73.246422   9.809266   -10.765374   997461.000000
12.750000    50   -0.080487   0.216662   -0.005715   58.328193   11.323924   66.491242   997110.000000
12.750000    50   -0.080487   0.216662   -0.025758   58.328193   11.323924   15.149932   997110.000000
12.750000    50   -0.080487   0.216662   -0.206207   58.328193   11.323924   0.348500   997110.000000
12.750000    50   -0.080487   0.216662   0.021336   58.328193   11.323924   -11.105924   997110.000000
12.750000    50   -0.080487   0.216662   -0.022288   58.328193   11.323924   -4.514519   997110.000000
12.750000    50   -0.080487   0.216662   0.172118   58.328193   11.323924   12.533633   997110.000000
12.750000    50   -0.080487   0.216662   -0.006513   58.328193   11.323924   4.268219   997110.000000
12.750000    50   -0.080487   0.216662   -0.087016   58.328193   11.323924   -1.898235   997110.000000
12.750000    50   -0.080487   0.216662   0.063217   58.328193   11.323924   -3.985526   997110.000000
12.750000    50   -0.080487   0.216662   -0.011264   58.328193   11.323924   -15.775329   997110.000000
13.000000    51   -0.078813   0.459975   -0.044020   26.122806   19.972670   66.443356   996746.000000
13.000000    51   -0.078813   0.459975   -0.029293   26.122806   19.972670   15.576883   996746.000000
13.000000    51   -0.078813   0.459975   -0.155769   26.122806   19.972670   -1.717286   996746.000000
13.000000    51   -0.078813   0.459975   0.046615   26.122806   19.972670   -12.108437   996746.000000
13.000000    51   -0.078813   0.459975   -0.033878   26.122806   19.972670   -1.314013   996746.000000
13.000000    51   -0.078813   0.459975   0.237051   26.122806   19.972670   5.052488   996746.000000
13.000000    51   -0.078813   0.459975   0.134064   26.122806   19.972670   -11.112798   996746.000000
13.000000    51   -0.078813   0.459975   -0.183277   26.122806   19.972670   -3.370364   996746.000000
13.000000    51   -0.078813   0.459975   0.089864   26.122806   19.972670   3.145431   996746.000000
13.000000    51   -0.078813   0.459975   -0.130053   26.122806   19.972670   -17.912514   996746.000000
13.250000    52   -0.195489   0.831105   -0.062940   3.109600   -6.861187   65.551893   996369.000000
13.250000    52   -0.195489   0.831105   -0.024801   3.109600   -6.861187   15.771777   996369.000000
13.250000    52   -0.195489   0.831105   -0.173789   3.109600   -6.861187   -1.972092   996369.000000
13.250000    52   -0.195489   0.831105   0.002904   3.109600   -6.861187   -10.814070   996369.000000
13.250000    52   -0.195489   0.831105   0.063963   3.109600   -6.861187   6.363605   996369.000000
13.250000    52   -0.195489   0.831105   0.164665   3.109600   -6.861187   -0.728028   996369.000000
13.250000    52   -0.195489   0.831105   0.137870   3.109600   -6.861187   -19.719264   996369.000000
13.250000    52   -0.195489   0.831105   -0.157690   3.109600   -6.861187   -7.855196   996369.000000
13.250000    52   -0.195489   0.831105   0.032749   3.109600   -6.861187   13.147338   996369.000000
13.250000    52   -0.195489   0.831105   -0.130259   3.109600   -6.861187   -38.561115   996369.000000
13.500000    53   -0.330644   1.318448   -0.061887   -6.489634   -8.936609   65.651717   995939.000000
13.500000    53   -0.330644   1.318448   -0.060748   -6.489634   -8.936609   16.176822   995939.000000
13.500000    53   -0.330644   1.318448   -0.191674   -6.489634   -8.936609   -1.000409   995939.000000
13.500000    53   -0.330644   1.318448   0.065903   -6.489634   -8.936609   -12.935622   995939.000000
13.500000    53   -0.330644   1.318448   0.069090   -6.489634   -8.936609   5.577027   995939.000000
13.500000    53   -0.330644   1.318448   0.255279   -6.489634   -8.936609   -3.872498   995939.000000
13.500000    53   -0.330644   1.318448   -0.026881   -6.489634   -8.936609   -21.189221   995939.000000
13.500000    53   -0.330644   1.318448   -0.128142   -6.489634   -8.936609   -7.174223   995939.000000
13.500000    53   -0.330644   1.318448   -0.087340   -6.489634   -8.936609   11.743405   995939.000000
13.500000    53   -0.330644   1.318448   -0.090832   -6.489634   -8.936609   -33.932069   995939.000000
13.750000    54   -0.687999   0.987859   -0.031854   -10.035372   -32.742714   65.205598   995487.000000
13.750000    54   -0.687999   0.987859   -0.044779   -10.035372   -32.742714   18.194925   995487.000000
13.750000    54   -0.687999   0.987859   -0.244679   -10.035372   -32.742714   0.703779   995487.000000
13.750000    54   -0.687999   0.987859   0.169148   -10.035372   -32.742714   -10.415603   995487.000000
13.750000    54   -0.687999   0.987859   0.120606   -10.035372   -32.742714   -0.222286   995487.000000
13.750000    54   -0.687999   0.987859   0.186174   -10.035372   -32.742714   -9.610834   995487.000000
13.750000    54   -0.687999   0.987859   -0.194452   -10.035372   -32.742714   -13.412466   995487.000000
13.750000    54   -0.687999   0.987859   -0.212779   -10.035372   -32.742714   -10.225620   995487.000000
13.750000    54   -0.687999   0.987859   -0.219012   -10.035372   -32.742714   14.650540   995487.000000
13.750000    54   -0.687999   0.987859   -0.096690   -10.035372   -32.742714   -38.865219   995487.000000
14.000000    55   -0.891759   1.097552   0.026462   -14.263873   -10.156399   65.498230   995006.000000
14.000000    55   -0.891759   1.097552   -0.105086   -14.263873   -10.156399   17.255524   995006.000000
14.000000    55   -0.891759   1.097552   -0.306572   -14.263873   -10.156399   3.615887   995006.000000
14.000000    55   -0.891759   1.097552   0.203734   -14.263873   -10.156399   -8.245514   995006.000000
14.000000    55   -0.891759   1.097552   0.143394   -14.263873   -10.156399   3.600982   995006.000000
14.000000    55   -0.891759   1.097552   0.247714   -14.263873   -10.156399   -13.259093   995006.000000
14.000000    55   -0.891759   1.097552   -0.257847   -14.263873   -10.156399   -22.161085   995006.000000
14.000000    55   -0.891759   1.097552   -0.384420   -14.263873   -10.156399   -19.023710   995006.000000
14.000000    55   -0.891759   1.097552   -0.218312   -14.263873   -10.156399   1.511895   995006.000000
14.000000    55   -0.891759   1.097552   -0.143003   -14.263873   -10.156399   -22.682375   995006.000000
14.250000    56   -0.611302   1.263052   0.104568   -15.776260   -10.610521   66.793091   994473.000000
14.250000    56   -0.611302   1.263052   -0.122313   -15.776260   -10.610521   17.763911   994473.000000
14.250000    56   -0.611302   1.263052   -0.306623   -15.776260   -10.610521   1.581486   994473.000000
14.250000    56   -0.611302   1.263052   0.265510   -15.776260   -10.610521   -8.095326   994473.000000
14.250000    56   -0.611302   1.263052   0.108134   -15.776260   -10.610521   13.246217   994473.000000
14.250000    56   -0.611302   1.263052   0.172616   -15.776260   -10.610521   -16.357737   994473.000000
14.250000    56   -0.611302   1.263052   -0.432616   -15.776260   -10.610521   -28.031599   994473.000000
14.250000    56   -0.611302   1.263052   -0.206563   -15.776260   -10.610521   -28.302268   994473.000000
14.250000    56   -0.611302   1.263052   -0.163417   -15.776260   -10.610521   -16.828367   994473.000000
14.250000    56   -0.611302   1.263052   -0.094699   -15.776260   -10.610521   -7.964038   994473.000000
14.500000    57   -0.224903   0.566410   0.179068   -15.582811   20.695140   65.480074   993887.000000
14.500000    57   -0.224903   0.566410   -0.131456   -15.582811   20.695140   18.071855   993887.000000
14.500000    57   -0.224903   0.566410   -0.360690   -15.582811   20.695140   6.531699   993887.000000
14.500000    57   -0.224903   0.566410   0.256655   -15.582811   20.695140   -8.063068   993887.000000
14.500000    57   -0.224903   0.566410   0.190770   -15.582811   20.695140   -5.626543   993887.000000
14.500000    57   -0.224903   0.566410   0.229935   -15.582811   20.695140   -24.372238   993887.000000
14.500000    57   -0.224903   0.566410   -0.587702   -15.582811   20.695140   -26.049547   993887.000000
14.500000    57   -0.224903   0.566410   -0.113887   -15.582811   20.695140   -34.263846   993887.000000
14.500000    57   -0.224903   0.566410   -0.354169   -15.582811   20.695140   -11.554018   993887.000000
14.500000    57   -0.224903   0.566410   0.194024   -15.582811   20.695140   19.963255   993887.000000
14.750000    58   0.081661   -0.119587   0.259211   -55.901413   50.404343   65.145499   993293.000000
14.750000    58   0.081661   -0.119587   -0.124995   -55.901413   50.404343   19.238657   993293.000000
14.750000    58   0.081661   -0.119587   -0.460570   -55.901413   50.404343   2.878901   993293.000000
14.750000    58   0.081661   -0.119587   0.298323   -55.901413   50.404343   -9.906276   993293.000000
14.750000    58   0.081661   -0.119587   0.168321   -55.901413   50.404343   -22.282221   993293.000000
14.750000    58   0.081661   -0.119587   0.080896   -55.901413   50.404343   -28.389273   993293.000000
14.750000    58   0.081661   -0.119587   -0.352888   -55.901413   50.404343   -36.394018   993293.000000
14.750000    58   0.081661   -0.119587   -0.333361   -55.901413   50.404343   -35.644291   993293.000000
14.750000    58   0.081661   -0.119587   -0.240853   -55.901413   50.404343   -1.349513   993293.000000
14.750000    58   0.081661   -0.119587   0.382027   -55.901413   50.404343   31.364442   993293.000000
15.000000    59   -0.152168   -0.616973   0.333320   -1.947621   119.153048   63.232380   992590.000000
15.000000    59   -0.152168   -0.616973   -0.145369   -1.947621   119.153048   18.077388   992590.000000
15.000000    59   -0.152168   -0.616973   -0.441642   -1.947621   119.153048   2.936731   992590.000000
15.000000    59   -0.152168   -0.616973   0.337206   -1.947621   119.153048   -12.708087   992590.000000
15.000000    59   -0.152168   -0.616973   0.180787   -1.947621   119.153048   -25.473618   992590.000000
15.000000    59   -0.152168   -0.616973   0.015685   -1.947621   119.153048   -27.979667   992590.000000
15.000000    59   -0.152168   -0.616973   -0.355388   -1.947621   119.153048   -29.728129   992590.000000
15.000000    59   -0.152168   -0.616973   -0.342439   -1.947621   119.153048   -20.045263   992590.000000
15.000000    59   -0.152168   -0.616973   -0.156710   -1.947621   119.153048   -7.167190   992590.000000
15.000000    59   -0.152168   -0.616973   -0.140260   -1.947621   119.153048   46.872617   992590.000000
Number of threads was 4
