dt 0.050000 T 15.000000 Nsample 1000000
Time   abszsum1   argzsum1   realsum   habszsum1   hargzsum1   hrealsum   a
0.250000    0   0.980014   0.000249   0.961793   85.776953   -0.002518   85.195045   1000000.000000
0.250000    0   0.980014   0.000249   0.015603   85.776953   -0.002518   0.307203   1000000.000000
0.250000    0   0.980014   0.000249   0.000000   85.776953   -0.002518   0.000000   1000000.000000
0.250000    0   0.980014   0.000249   0.000000   85.776953   -0.002518   0.000000   1000000.000000
0.250000    0   0.980014   0.000249   0.000000   85.776953   -0.002518   0.000000   1000000.000000
0.250000    0   0.980014   0.000249   0.000000   85.776953   -0.002518   0.000000   1000000.000000
0.250000    0   0.980014   0.000249   0.000000   85.776953   -0.002518   0.000000   1000000.000000
0.250000    0   0.980014   0.000249   0.000000   85.776953   -0.002518   0.000000   1000000.000000
0.250000    0   0.980014   0.000249   0.000000   85.776953   -0.002518   0.000000   1000000.000000
0.250000    0   0.980014   0.000249   0.000000   85.776953   -0.002518   0.000000   1000000.000000
0.500000    1   0.922195   0.000473   0.870314   85.624349   -0.026018   84.837314   1000000.000000
0.500000    1   0.922195   0.000473   0.063649   85.624349   -0.026018   0.531846   1000000.000000
0.500000    1   0.922195   0.000473   -0.014150   85.624349   -0.026018   0.033898   1000000.000000
0.500000    1   0.922195   0.000473   0.000000   85.624349   -0.026018   0.000000   1000000.000000
0.500000    1   0.922195   0.000473   0.000000   85.624349   -0.026018   0.000000   1000000.000000
0.500000    1   0.922195   0.000473   0.000000   85.624349   -0.026018   0.000000   1000000.000000
0.500000    1   0.922195   0.000473   0.000000   85.624349   -0.026018   0.000000   1000000.000000
0.500000    1   0.922195   0.000473   0.000000   85.624349   -0.026018   0.000000   1000000.000000
0.500000    1   0.922195   0.000473   0.000000   85.624349   -0.026018   0.000000   1000000.000000
0.500000    1   0.922195   0.000473   0.000000   85.624349   -0.026018   0.000000   1000000.000000
0.750000    2   0.830478   0.000598   0.736980   85.473372   -0.030352   84.453962   1000000.000000
0.750000    2   0.830478   0.000598   0.122269   85.473372   -0.030352   0.765086   1000000.000000
0.750000    2   0.830478   0.000598   -0.029208   85.473372   -0.030352   0.162046   1000000.000000
0.750000    2   0.830478   0.000598   -0.001452   85.473372   -0.030352   -0.003238   1000000.000000
0.750000    2   0.830478   0.000598   0.000000   85.473372   -0.030352   0.000000   1000000.000000
0.750000    2   0.830478   0.000598   0.000000   85.473372   -0.030352   0.000000   1000000.000000
0.750000    2   0.830478   0.000598   0.000000   85.473372   -0.030352   0.000000   1000000.000000
0.750000    2   0.830478   0.000598   0.000000   85.473372   -0.030352   0.000000   1000000.000000
0.750000    2   0.830478   0.000598   0.000000   85.473372   -0.030352   0.000000   1000000.000000
0.750000    2   0.830478   0.000598   0.000000   85.473372   -0.030352   0.000000   1000000.000000
1.000000    3   0.714798   0.000704   0.580869   85.280289   -0.026203   84.009830   1000000.000000
1.000000    3   0.714798   0.000704   0.174314   85.280289   -0.026203   0.982426   1000000.000000
1.000000    3   0.714798   0.000704   -0.037136   85.280289   -0.026203   0.232651   1000000.000000
1.000000    3   0.714798   0.000704   -0.004302   85.280289   -0.026203   -0.023690   1000000.000000
1.000000    3   0.714798   0.000704   0.000133   85.280289   -0.026203   -0.007225   1000000.000000
1.000000    3   0.714798   0.000704   0.000000   85.280289   -0.026203   0.000000   1000000.000000
1.000000    3   0.714798   0.000704   0.000000   85.280289   -0.026203   0.000000   1000000.000000
1.000000    3   0.714798   0.000704   0.000000   85.280289   -0.026203   0.000000   1000000.000000
1.000000    3   0.714798   0.000704   0.000000   85.280289   -0.026203   0.000000   1000000.000000
1.000000    3   0.714798   0.000704   0.000000   85.280289   -0.026203   0.000000   1000000.000000
1.250000    4   0.582221   0.000683   0.416998   85.255360   -0.091862   83.625674   1000000.000000
1.250000    4   0.582221   0.000683   0.209077   85.255360   -0.091862   1.197061   1000000.000000
1.250000    4   0.582221   0.000683   -0.037581   85.255360   -0.091862   0.370573   1000000.000000
1.250000    4   0.582221   0.000683   -0.007178   85.255360   -0.091862   -0.034620   1000000.000000
1.250000    4   0.582221   0.000683   0.000261   85.255360   -0.091862   0.010609   1000000.000000
1.250000    4   0.582221   0.000683   0.000019   85.255360   -0.091862   0.000867   1000000.000000
1.250000    4   0.582221   0.000683   0.000000   85.255360   -0.091862   0.000000   1000000.000000
1.250000    4   0.582221   0.000683   0.000000   85.255360   -0.091862   0.000000   1000000.000000
1.250000    4   0.582221   0.000683   0.000000   85.255360   -0.091862   0.000000   1000000.000000
1.250000    4   0.582221   0.000683   0.000000   85.255360   -0.091862   0.000000   1000000.000000
1.500000    5   0.443110   0.001010   0.259335   85.149854   -0.088194   83.184127   1000000.000000
1.500000    5   0.443110   0.001010   0.221404   85.149854   -0.088194   1.399704   1000000.000000
1.500000    5   0.443110   0.001010   -0.030548   85.149854   -0.088194   0.463115   1000000.000000
1.500000    5   0.443110   0.001010   -0.007884   85.149854   -0.088194   -0.031102   1000000.000000
1.500000    5   0.443110   0.001010   0.000454   85.149854   -0.088194   0.051354   1000000.000000
1.500000    5   0.443110   0.001010   -0.000003   85.149854   -0.088194   0.006724   1000000.000000
1.500000    5   0.443110   0.001010   0.000000   85.149854   -0.088194   0.000000   1000000.000000
1.500000    5   0.443110   0.001010   0.000000   85.149854   -0.088194   0.000000   1000000.000000
1.500000    5   0.443110   0.001010   0.000000   85.149854   -0.088194   0.000000   1000000.000000
1.500000    5   0.443110   0.001010   0.000000   85.149854   -0.088194   0.000000   1000000.000000
1.750000    6   0.307763   0.001256   0.120674   85.167775   -0.085821   82.898180   1000000.000000
1.750000    6   0.307763   0.001256   0.212155   85.167775   -0.085821   1.610117   1000000.000000
1.750000    6   0.307763   0.001256   -0.019172   85.167775   -0.085821   0.540938   1000000.000000
1.750000    6   0.307763   0.001256   -0.006849   85.167775   -0.085821   -0.042537   1000000.000000
1.750000    6   0.307763   0.001256   0.000795   85.167775   -0.085821   0.070618   1000000.000000
1.750000    6   0.307763   0.001256   -0.000067   85.167775   -0.085821   0.003486   1000000.000000
1.750000    6   0.307763   0.001256   0.000028   85.167775   -0.085821   0.001092   1000000.000000
1.750000    6   0.307763   0.001256   0.000000   85.167775   -0.085821   0.000000   1000000.000000
1.750000    6   0.307763   0.001256   0.000000   85.167775   -0.085821   0.000000   1000000.000000
1.750000    6   0.307763   0.001256   0.000000   85.167775   -0.085821   0.000000   1000000.000000
2.000000    7   0.183233   0.001994   0.008086   85.078595   -0.128976   82.472545   1000000.000000
2.000000    7   0.183233   0.001994   0.185651   85.078595   -0.128976   1.829179   1000000.000000
2.000000    7   0.183233   0.001994   -0.007284   85.078595   -0.128976   0.737754   1000000.000000
2.000000    7   0.183233   0.001994   -0.004863   85.078595   -0.128976   -0.078926   1000000.000000
2.000000    7   0.183233   0.001994   0.001398   85.078595   -0.128976   0.035979   1000000.000000
2.000000    7   0.183233   0.001994   0.000167   85.078595   -0.128976   0.001384   1000000.000000
2.000000    7   0.183233   0.001994   0.000032   85.078595   -0.128976   0.001435   1000000.000000
2.000000    7   0.183233   0.001994   0.000000   85.078595   -0.128976   0.000000   1000000.000000
2.000000    7   0.183233   0.001994   0.000000   85.078595   -0.128976   0.000000   1000000.000000
2.000000    7   0.183233   0.001994   0.000000   85.078595   -0.128976   0.000000   1000000.000000
2.250000    8   0.081421   0.000048   -0.072884   85.130967   -0.106336   82.089433   1000000.000000
2.250000    8   0.081421   0.000048   0.152984   85.130967   -0.106336   2.027014   1000000.000000
2.250000    8   0.081421   0.000048   0.003360   85.130967   -0.106336   0.885951   1000000.000000
2.250000    8   0.081421   0.000048   -0.004151   85.130967   -0.106336   0.010589   1000000.000000
2.250000    8   0.081421   0.000048   0.002103   85.130967   -0.106336   0.035895   1000000.000000
2.250000    8   0.081421   0.000048   -0.000084   85.130967   -0.106336   0.000816   1000000.000000
2.250000    8   0.081421   0.000048   0.000074   85.130967   -0.106336   0.005000   1000000.000000
2.250000    8   0.081421   0.000048   -0.000006   85.130967   -0.106336   0.000858   1000000.000000
2.250000    8   0.081421   0.000048   0.000000   85.130967   -0.106336   0.000000   1000000.000000
2.250000    8   0.081421   0.000048   0.000000   85.130967   -0.106336   0.000000   1000000.000000
2.500000    9   0.005921   0.000056   -0.118822   85.020387   -0.130563   81.600691   1000000.000000
2.500000    9   0.005921   0.000056   0.116362   85.020387   -0.130563   2.271581   1000000.000000
2.500000    9   0.005921   0.000056   0.006483   85.020387   -0.130563   1.137352   1000000.000000
2.500000    9   0.005921   0.000056   -0.000910   85.020387   -0.130563   -0.000300   1000000.000000
2.500000    9   0.005921   0.000056   0.002630   85.020387   -0.130563   -0.076147   1000000.000000
2.500000    9   0.005921   0.000056   -0.000033   85.020387   -0.130563   0.024430   1000000.000000
2.500000    9   0.005921   0.000056   0.000178   85.020387   -0.130563   -0.014493   1000000.000000
2.500000    9   0.005921   0.000056   -0.000014   85.020387   -0.130563   0.003735   1000000.000000
2.500000    9   0.005921   0.000056   0.000000   85.020387   -0.130563   0.000000   1000000.000000
2.500000    9   0.005921   0.000056   0.000000   85.020387   -0.130563   0.000000   1000000.000000
2.750000    10   -0.037646   -0.002332   -0.127956   84.905457   -0.115392   81.111696   1000000.000000
2.750000    10   -0.037646   -0.002332   0.082792   84.905457   -0.115392   2.735212   1000000.000000
2.750000    10   -0.037646   -0.002332   0.001359   84.905457   -0.115392   1.141020   1000000.000000
2.750000    10   -0.037646   -0.002332   0.001603   84.905457   -0.115392   -0.071597   1000000.000000
2.750000    10   -0.037646   -0.002332   0.004480   84.905457   -0.115392   -0.062203   1000000.000000
2.750000    10   -0.037646   -0.002332   0.000190   84.905457   -0.115392   0.002548   1000000.000000
2.750000    10   -0.037646   -0.002332   0.000056   84.905457   -0.115392   -0.016520   1000000.000000
2.750000    10   -0.037646   -0.002332   -0.000026   84.905457   -0.115392   0.001050   1000000.000000
2.750000    10   -0.037646   -0.002332   -0.000001   84.905457   -0.115392   -0.000251   1000000.000000
2.750000    10   -0.037646   -0.002332   0.000000   84.905457   -0.115392   0.000000   1000000.000000
3.000000    11   -0.048401   -0.004460   -0.099613   85.104210   0.007029   80.723023   1000000.000000
3.000000    11   -0.048401   -0.004460   0.054861   85.104210   0.007029   3.354891   1000000.000000
3.000000    11   -0.048401   -0.004460   -0.014175   85.104210   0.007029   1.069573   1000000.000000
3.000000    11   -0.048401   -0.004460   0.004785   85.104210   0.007029   0.015187   1000000.000000
3.000000    11   -0.048401   -0.004460   0.006009   85.104210   0.007029   -0.111922   1000000.000000
3.000000    11   -0.048401   -0.004460   -0.000122   85.104210   0.007029   0.031049   1000000.000000
3.000000    11   -0.048401   -0.004460   -0.000022   85.104210   0.007029   -0.034155   1000000.000000
3.000000    11   -0.048401   -0.004460   -0.000023   85.104210   0.007029   -0.007461   1000000.000000
3.000000    11   -0.048401   -0.004460   -0.000010   85.104210   0.007029   0.000134   1000000.000000
3.000000    11   -0.048401   -0.004460   0.000000   85.104210   0.007029   0.000000   1000000.000000
3.250000    12   -0.029587   -0.008579   -0.040417   85.126899   0.012232   80.035524   1000000.000000
3.250000    12   -0.029587   -0.008579   0.032903   85.126899   0.012232   3.916018   1000000.000000
3.250000    12   -0.029587   -0.008579   -0.037555   85.126899   0.012232   1.298349   1000000.000000
3.250000    12   -0.029587   -0.008579   0.007015   85.126899   0.012232   0.033073   1000000.000000
3.250000    12   -0.029587   -0.008579   0.008269   85.126899   0.012232   -0.141299   1000000.000000
3.250000    12   -0.029587   -0.008579   0.000190   85.126899   0.012232   -0.017033   1000000.000000
3.250000    12   -0.029587   -0.008579   0.000105   85.126899   0.012232   -0.043825   1000000.000000
3.250000    12   -0.029587   -0.008579   -0.000254   85.126899   0.012232   -0.009575   1000000.000000
3.250000    12   -0.029587   -0.008579   0.000078   85.126899   0.012232   0.006316   1000000.000000
3.250000    12   -0.029587   -0.008579   -0.000004   85.126899   0.012232   0.001419   1000000.000000
3.500000    13   0.014797   -0.008499   0.048259   85.449714   0.480302   79.579145   1000000.000000
3.500000    13   0.014797   -0.008499   0.015003   85.449714   0.480302   4.365696   1000000.000000
3.500000    13   0.014797   -0.008499   -0.066592   85.449714   0.480302   1.608516   1000000.000000
3.500000    13   0.014797   -0.008499   0.005541   85.449714   0.480302   -0.025427   1000000.000000
3.500000    13   0.014797   -0.008499   0.012394   85.449714   0.480302   -0.190174   1000000.000000
3.500000    13   0.014797   -0.008499   0.000517   85.449714   0.480302   0.049032   1000000.000000
3.500000    13   0.014797   -0.008499   0.000095   85.449714   0.480302   -0.031598   1000000.000000
3.500000    13   0.014797   -0.008499   -0.000389   85.449714   0.480302   0.043195   1000000.000000
3.500000    13   0.014797   -0.008499   0.000051   85.449714   0.480302   0.001356   1000000.000000
3.500000    13   0.014797   -0.008499   -0.000012   85.449714   0.480302   0.001178   1000000.000000
3.750000    14   0.080941   -0.008987   0.158106   85.325933   0.398825   79.236975   1000000.000000
3.750000    14   0.080941   -0.008987   0.001085   85.325933   0.398825   4.863627   1000000.000000
3.750000    14   0.080941   -0.008987   -0.096446   85.325933   0.398825   1.435107   1000000.000000
3.750000    14   0.080941   -0.008987   0.003740   85.325933   0.398825   -0.240167   1000000.000000
3.750000    14   0.080941   -0.008987   0.016958   85.325933   0.398825   -0.123881   1000000.000000
3.750000    14   0.080941   -0.008987   -0.001311   85.325933   0.398825   0.074308   1000000.000000
3.750000    14   0.080941   -0.008987   -0.000386   85.325933   0.398825   -0.006398   1000000.000000
3.750000    14   0.080941   -0.008987   -0.000689   85.325933   0.398825   0.031383   1000000.000000
3.750000    14   0.080941   -0.008987   -0.000080   85.325933   0.398825   0.002481   1000000.000000
3.750000    14   0.080941   -0.008987   0.000014   85.325933   0.398825   -0.005889   1000000.000000
4.000000    15   0.163360   -0.001980   0.276985   85.080160   0.568609   78.605707   1000000.000000
4.000000    15   0.163360   -0.001980   -0.008538   85.080160   0.568609   5.595693   1000000.000000
4.000000    15   0.163360   -0.001980   -0.125572   85.080160   0.568609   1.305743   1000000.000000
4.000000    15   0.163360   -0.001980   0.000718   85.080160   0.568609   -0.150633   1000000.000000
4.000000    15   0.163360   -0.001980   0.020311   85.080160   0.568609   -0.407954   1000000.000000
4.000000    15   0.163360   -0.001980   0.000358   85.080160   0.568609   0.028597   1000000.000000
4.000000    15   0.163360   -0.001980   0.000206   85.080160   0.568609   -0.006064   1000000.000000
4.000000    15   0.163360   -0.001980   -0.001373   85.080160   0.568609   0.035133   1000000.000000
4.000000    15   0.163360   -0.001980   0.000020   85.080160   0.568609   0.015560   1000000.000000
4.000000    15   0.163360   -0.001980   0.000114   85.080160   0.568609   0.006642   1000000.000000
4.250000    16   0.251780   -0.009255   0.394358   85.297092   0.835912   78.242195   999999.000000
4.250000    16   0.251780   -0.009255   -0.010666   85.297092   0.835912   6.015062   999999.000000
4.250000    16   0.251780   -0.009255   -0.153666   85.297092   0.835912   1.426882   999999.000000
4.250000    16   0.251780   -0.009255   -0.000762   85.297092   0.835912   -0.216425   999999.000000
4.250000    16   0.251780   -0.009255   0.023212   85.297092   0.835912   -0.520126   999999.000000
4.250000    16   0.251780   -0.009255   0.001820   85.297092   0.835912   -0.042669   999999.000000
4.250000    16   0.251780   -0.009255   -0.000973   85.297092   0.835912   0.123190   999999.000000
4.250000    16   0.251780   -0.009255   -0.001549   85.297092   0.835912   0.092099   999999.000000
4.250000    16   0.251780   -0.009255   -0.000433   85.297092   0.835912   0.103830   999999.000000
4.250000    16   0.251780   -0.009255   0.000374   85.297092   0.835912   0.013047   999999.000000
4.500000    17   0.329182   -0.005433   0.499396   85.373680   0.901476   77.812364   999999.000000
4.500000    17   0.329182   -0.005433   -0.006175   85.373680   0.901476   6.550269   999999.000000
4.500000    17   0.329182   -0.005433   -0.182818   85.373680   0.901476   1.263805   999999.000000
4.500000    17   0.329182   -0.005433   -0.007966   85.373680   0.901476   -0.195699   999999.000000
4.500000    17   0.329182   -0.005433   0.025901   85.373680   0.901476   -0.607784   999999.000000
4.500000    17   0.329182   -0.005433   0.005389   85.373680   0.901476   -0.107019   999999.000000
4.500000    17   0.329182   -0.005433   -0.002488   85.373680   0.901476   0.335818   999999.000000
4.500000    17   0.329182   -0.005433   -0.001344   85.373680   0.901476   0.091258   999999.000000
4.500000    17   0.329182   -0.005433   -0.001376   85.373680   0.901476   0.138591   999999.000000
4.500000    17   0.329182   -0.005433   0.000687   85.373680   0.901476   0.038850   999999.000000
4.750000    18   0.399530   -0.002723   0.580906   85.696898   0.457107   77.401012   999999.000000
4.750000    18   0.399530   -0.002723   0.005761   85.696898   0.457107   6.979969   999999.000000
4.750000    18   0.399530   -0.002723   -0.204174   85.696898   0.457107   1.466816   999999.000000
4.750000    18   0.399530   -0.002723   -0.012268   85.696898   0.457107   -0.303775   999999.000000
4.750000    18   0.399530   -0.002723   0.029202   85.696898   0.457107   -0.514459   999999.000000
4.750000    18   0.399530   -0.002723   0.006069   85.696898   0.457107   0.005876   999999.000000
4.750000    18   0.399530   -0.002723   -0.002825   85.696898   0.457107   0.298426   999999.000000
4.750000    18   0.399530   -0.002723   -0.001673   85.696898   0.457107   0.065779   999999.000000
4.750000    18   0.399530   -0.002723   -0.002021   85.696898   0.457107   0.159079   999999.000000
4.750000    18   0.399530   -0.002723   0.000326   85.696898   0.457107   0.038302   999999.000000
5.000000    19   0.446936   0.009507   0.634596   85.120874   0.480733   76.874781   999997.000000
5.000000    19   0.446936   0.009507   0.023021   85.120874   0.480733   7.215057   999997.000000
5.000000    19   0.446936   0.009507   -0.219288   85.120874   0.480733   2.039139   999997.000000
5.000000    19   0.446936   0.009507   -0.026565   85.120874   0.480733   -0.532210   999997.000000
5.000000    19   0.446936   0.009507   0.033211   85.120874   0.480733   -1.025644   999997.000000
5.000000    19   0.446936   0.009507   0.008411   85.120874   0.480733   0.006786   999997.000000
5.000000    19   0.446936   0.009507   -0.002980   85.120874   0.480733   0.303874   999997.000000
5.000000    19   0.446936   0.009507   -0.002149   85.120874   0.480733   0.142810   999997.000000
5.000000    19   0.446936   0.009507   -0.002129   85.120874   0.480733   0.094597   999997.000000
5.000000    19   0.446936   0.009507   -0.000296   85.120874   0.480733   -0.012709   999997.000000
5.250000    20   0.470155   0.002005   0.655803   84.796503   0.894949   76.300287   999996.000000
5.250000    20   0.470155   0.002005   0.049104   84.796503   0.894949   7.479646   999996.000000
5.250000    20   0.470155   0.002005   -0.230864   84.796503   0.894949   1.939073   999996.000000
5.250000    20   0.470155   0.002005   -0.039527   84.796503   0.894949   -0.502109   999996.000000
5.250000    20   0.470155   0.002005   0.036074   84.796503   0.894949   -1.036473   999996.000000
5.250000    20   0.470155   0.002005   0.004556   84.796503   0.894949   0.156351   999996.000000
5.250000    20   0.470155   0.002005   -0.002971   84.796503   0.894949   0.160565   999996.000000
5.250000    20   0.470155   0.002005   -0.000882   84.796503   0.894949   0.154376   999996.000000
5.250000    20   0.470155   0.002005   -0.002905   84.796503   0.894949   0.055391   999996.000000
5.250000    20   0.470155   0.002005   0.000061   84.796503   0.894949   0.038047   999996.000000
5.500000    21   0.483574   0.011239   0.644451   85.120592   1.416831   75.886849   999993.000000
5.500000    21   0.483574   0.011239   0.071191   85.120592   1.416831   7.876471   999993.000000
5.500000    21   0.483574   0.011239   -0.226053   85.120592   1.416831   1.856331   999993.000000
5.500000    21   0.483574   0.011239   -0.046791   85.120592   1.416831   -0.732016   999993.000000
5.500000    21   0.483574   0.011239   0.039447   85.120592   1.416831   -0.753124   999993.000000
5.500000    21   0.483574   0.011239   0.004788   85.120592   1.416831   0.454983   999993.000000
5.500000    21   0.483574   0.011239   -0.001378   85.120592   1.416831   0.210414   999993.000000
5.500000    21   0.483574   0.011239   0.000702   85.120592   1.416831   0.129581   999993.000000
5.500000    21   0.483574   0.011239   -0.003166   85.120592   1.416831   0.072986   999993.000000
5.500000    21   0.483574   0.011239   -0.000725   85.120592   1.416831   0.056012   999993.000000
5.750000    22   0.461085   0.021820   0.602890   85.750953   1.382031   75.378367   999990.000000
5.750000    22   0.461085   0.021820   0.090542   85.750953   1.382031   8.138176   999990.000000
5.750000    22   0.461085   0.021820   -0.214539   85.750953   1.382031   2.348358   999990.000000
5.750000    22   0.461085   0.021820   -0.050291   85.750953   1.382031   -0.581978   999990.000000
5.750000    22   0.461085   0.021820   0.029741   85.750953   1.382031   -0.561882   999990.000000
5.750000    22   0.461085   0.021820   0.005322   85.750953   1.382031   0.431807   999990.000000
5.750000    22   0.461085   0.021820   0.001886   85.750953   1.382031   0.367112   999990.000000
5.750000    22   0.461085   0.021820   -0.000650   85.750953   1.382031   0.080259   999990.000000
5.750000    22   0.461085   0.021820   -0.004772   85.750953   1.382031   0.013362   999990.000000
5.750000    22   0.461085   0.021820   -0.000144   85.750953   1.382031   0.071885   999990.000000
6.000000    23   0.419763   0.032272   0.535198   86.300350   1.537990   75.186158   999987.000000
6.000000    23   0.419763   0.032272   0.105664   86.300350   1.537990   8.590450   999987.000000
6.000000    23   0.419763   0.032272   -0.198079   86.300350   1.537990   2.871703   999987.000000
6.000000    23   0.419763   0.032272   -0.052920   86.300350   1.537990   -0.366882   999987.000000
6.000000    23   0.419763   0.032272   0.030492   86.300350   1.537990   -0.281366   999987.000000
6.000000    23   0.419763   0.032272   0.002078   86.300350   1.537990   0.163780   999987.000000
6.000000    23   0.419763   0.032272   0.003956   86.300350   1.537990   0.191861   999987.000000
6.000000    23   0.419763   0.032272   -0.002345   86.300350   1.537990   0.102835   999987.000000
6.000000    23   0.419763   0.032272   -0.003822   86.300350   1.537990   -0.042851   999987.000000
6.000000    23   0.419763   0.032272   -0.000372   86.300350   1.537990   -0.109354   999987.000000
6.250000    24   0.361983   0.023923   0.444847   85.012916   1.333876   74.851022   999982.000000
6.250000    24   0.361983   0.023923   0.115202   85.012916   1.333876   8.775859   999982.000000
6.250000    24   0.361983   0.023923   -0.178898   85.012916   1.333876   2.148783   999982.000000
6.250000    24   0.361983   0.023923   -0.050210   85.012916   1.333876   -0.571446   999982.000000
6.250000    24   0.361983   0.023923   0.026446   85.012916   1.333876   -0.606437   999982.000000
6.250000    24   0.361983   0.023923   0.004740   85.012916   1.333876   0.104506   999982.000000
6.250000    24   0.361983   0.023923   0.005082   85.012916   1.333876   0.422256   999982.000000
6.250000    24   0.361983   0.023923   -0.002834   85.012916   1.333876   -0.143918   999982.000000
6.250000    24   0.361983   0.023923   -0.002620   85.012916   1.333876   0.009467   999982.000000
6.250000    24   0.361983   0.023923   -0.000246   85.012916   1.333876   -0.049622   999982.000000
6.500000    25   0.258470   0.003075   0.341790   85.119618   0.776487   74.541302   999978.000000
6.500000    25   0.258470   0.003075   0.119091   85.119618   0.776487   9.048670   999978.000000
6.500000    25   0.258470   0.003075   -0.154782   85.119618   0.776487   2.716338   999978.000000
6.500000    25   0.258470   0.003075   -0.062333   85.119618   0.776487   -0.582195   999978.000000
6.500000    25   0.258470   0.003075   0.023587   85.119618   0.776487   -0.959052   999978.000000
6.500000    25   0.258470   0.003075   -0.007368   85.119618   0.776487   0.196162   999978.000000
6.500000    25   0.258470   0.003075   0.006971   85.119618   0.776487   -0.036221   999978.000000
6.500000    25   0.258470   0.003075   0.001196   85.119618   0.776487   0.024082   999978.000000
6.500000    25   0.258470   0.003075   -0.006414   85.119618   0.776487   0.079847   999978.000000
6.500000    25   0.258470   0.003075   -0.000453   85.119618   0.776487   0.027897   999978.000000
6.750000    26   0.174840   0.007424   0.231148   83.970437   -0.606589   73.842412   999971.000000
6.750000    26   0.174840   0.007424   0.117835   83.970437   -0.606589   9.140753   999971.000000
6.750000    26   0.174840   0.007424   -0.142143   83.970437   -0.606589   2.741451   999971.000000
6.750000    26   0.174840   0.007424   -0.063135   83.970437   -0.606589   -0.662709   999971.000000
6.750000    26   0.174840   0.007424   0.030123   83.970437   -0.606589   -0.772702   999971.000000
6.750000    26   0.174840   0.007424   -0.000058   83.970437   -0.606589   0.501583   999971.000000
6.750000    26   0.174840   0.007424   0.010623   83.970437   -0.606589   -0.610873   999971.000000
6.750000    26   0.174840   0.007424   0.001459   83.970437   -0.606589   0.095916   999971.000000
6.750000    26   0.174840   0.007424   -0.007120   83.970437   -0.606589   -0.244581   999971.000000
6.750000    26   0.174840   0.007424   -0.001161   83.970437   -0.606589   -0.181944   999971.000000
7.000000    27   0.093427   -0.004070   0.125244   84.354776   -1.706423   73.726043   999963.000000
7.000000    27   0.093427   -0.004070   0.106771   84.354776   -1.706423   9.430287   999963.000000
7.000000    27   0.093427   -0.004070   -0.137277   84.354776   -1.706423   3.042321   999963.000000
7.000000    27   0.093427   -0.004070   -0.053381   84.354776   -1.706423   -0.790140   999963.000000
7.000000    27   0.093427   -0.004070   0.040807   84.354776   -1.706423   -2.162453   999963.000000
7.000000    27   0.093427   -0.004070   0.015412   84.354776   -1.706423   0.656182   999963.000000
7.000000    27   0.093427   -0.004070   0.007241   84.354776   -1.706423   -0.151140   999963.000000
7.000000    27   0.093427   -0.004070   -0.001853   84.354776   -1.706423   0.400891   999963.000000
7.000000    27   0.093427   -0.004070   -0.006575   84.354776   -1.706423   0.167986   999963.000000
7.000000    27   0.093427   -0.004070   -0.000451   84.354776   -1.706423   0.002709   999963.000000
7.250000    28   -0.003937   -0.011104   0.032585   83.353721   -1.115858   73.113824   999951.000000
7.250000    28   -0.003937   -0.011104   0.099968   83.353721   -1.115858   9.843315   999951.000000
7.250000    28   -0.003937   -0.011104   -0.137740   83.353721   -1.115858   2.811679   999951.000000
7.250000    28   -0.003937   -0.011104   -0.047866   83.353721   -1.115858   -1.742942   999951.000000
7.250000    28   -0.003937   -0.011104   0.047834   83.353721   -1.115858   -1.311098   999951.000000
7.250000    28   -0.003937   -0.011104   0.013560   83.353721   -1.115858   0.717940   999951.000000
7.250000    28   -0.003937   -0.011104   0.002179   83.353721   -1.115858   -0.444009   999951.000000
7.250000    28   -0.003937   -0.011104   -0.009535   83.353721   -1.115858   0.059443   999951.000000
7.250000    28   -0.003937   -0.011104   -0.006008   83.353721   -1.115858   0.267398   999951.000000
7.250000    28   -0.003937   -0.011104   0.001686   83.353721   -1.115858   0.015300   999951.000000
7.500000    29   -0.074509   -0.038766   -0.038084   84.455158   -0.078348   72.670521   999938.000000
7.500000    29   -0.074509   -0.038766   0.077402   84.455158   -0.078348   10.206473   999938.000000
7.500000    29   -0.074509   -0.038766   -0.138831   84.455158   -0.078348   2.908613   999938.000000
7.500000    29   -0.074509   -0.038766   -0.046612   84.455158   -0.078348   -1.392560   999938.000000
7.500000    29   -0.074509   -0.038766   0.056487   84.455158   -0.078348   -1.637423   999938.000000
7.500000    29   -0.074509   -0.038766   0.028827   84.455158   -0.078348   1.186612   999938.000000
7.500000    29   -0.074509   -0.038766   0.000435   84.455158   -0.078348   0.003364   999938.000000
7.500000    29   -0.074509   -0.038766   -0.011513   84.455158   -0.078348   0.613992   999938.000000
7.500000    29   -0.074509   -0.038766   -0.005229   84.455158   -0.078348   0.104560   999938.000000
7.500000    29   -0.074509   -0.038766   0.002669   84.455158   -0.078348   -0.376633   999938.000000
7.750000    30   -0.161258   -0.025989   -0.083321   85.029885   -1.337393   71.868535   999918.000000
7.750000    30   -0.161258   -0.025989   0.048199   85.029885   -1.337393   10.714183   999918.000000
7.750000    30   -0.161258   -0.025989   -0.151991   85.029885   -1.337393   4.190818   999918.000000
7.750000    30   -0.161258   -0.025989   -0.034752   85.029885   -1.337393   -2.090769   999918.000000
7.750000    30   -0.161258   -0.025989   0.060085   85.029885   -1.337393   -1.806592   999918.000000
7.750000    30   -0.161258   -0.025989   0.025273   85.029885   -1.337393   0.675095   999918.000000
7.750000    30   -0.161258   -0.025989   -0.002822   85.029885   -1.337393   0.235437   999918.000000
7.750000    30   -0.161258   -0.025989   -0.017409   85.029885   -1.337393   1.482327   999918.000000
7.750000    30   -0.161258   -0.025989   -0.014306   85.029885   -1.337393   0.166487   999918.000000
7.750000    30   -0.161258   -0.025989   0.006425   85.029885   -1.337393   -0.920375   999918.000000
8.000000    31   -0.179921   -0.047829   -0.091788   84.235090   -0.149736   71.797439   999896.000000
8.000000    31   -0.179921   -0.047829   0.024971   84.235090   -0.149736   10.794714   999896.000000
8.000000    31   -0.179921   -0.047829   -0.173360   84.235090   -0.149736   4.711766   999896.000000
8.000000    31   -0.179921   -0.047829   -0.013373   84.235090   -0.149736   -1.901909   999896.000000
8.000000    31   -0.179921   -0.047829   0.066210   84.235090   -0.149736   -3.036593   999896.000000
8.000000    31   -0.179921   -0.047829   0.036993   84.235090   -0.149736   1.085691   999896.000000
8.000000    31   -0.179921   -0.047829   -0.008720   84.235090   -0.149736   0.034146   999896.000000
8.000000    31   -0.179921   -0.047829   -0.025220   84.235090   -0.149736   1.275374   999896.000000
8.000000    31   -0.179921   -0.047829   -0.021079   84.235090   -0.149736   0.144250   999896.000000
8.000000    31   -0.179921   -0.047829   0.019443   84.235090   -0.149736   -1.281551   999896.000000
8.250000    32   -0.160478   -0.027275   -0.072202   84.988476   1.085653   71.444954   999864.000000
8.250000    32   -0.160478   -0.027275   -0.002669   84.988476   1.085653   11.056713   999864.000000
8.250000    32   -0.160478   -0.027275   -0.198202   84.988476   1.085653   4.161253   999864.000000
8.250000    32   -0.160478   -0.027275   0.008216   84.988476   1.085653   -1.567785   999864.000000
8.250000    32   -0.160478   -0.027275   0.085635   84.988476   1.085653   -2.674805   999864.000000
8.250000    32   -0.160478   -0.027275   0.039056   84.988476   1.085653   1.912742   999864.000000
8.250000    32   -0.160478   -0.027275   -0.011080   84.988476   1.085653   0.012462   999864.000000
8.250000    32   -0.160478   -0.027275   -0.013390   84.988476   1.085653   0.950215   999864.000000
8.250000    32   -0.160478   -0.027275   -0.019474   84.988476   1.085653   0.513546   999864.000000
8.250000    32   -0.160478   -0.027275   0.015232   84.988476   1.085653   -1.157652   999864.000000
8.500000    33   -0.111996   -0.010245   -0.025147   82.636174   4.752743   70.861729   999825.000000
8.500000    33   -0.111996   -0.010245   -0.024450   82.636174   4.752743   11.693865   999825.000000
8.500000    33   -0.111996   -0.010245   -0.234656   82.636174   4.752743   3.525590   999825.000000
8.500000    33   -0.111996   -0.010245   0.015572   82.636174   4.752743   -2.239097   999825.000000
8.500000    33   -0.111996   -0.010245   0.096925   82.636174   4.752743   -2.095234   999825.000000
8.500000    33   -0.111996   -0.010245   0.040022   82.636174   4.752743   0.996516   999825.000000
8.500000    33   -0.111996   -0.010245   0.000894   82.636174   4.752743   0.003861   999825.000000
8.500000    33   -0.111996   -0.010245   0.001992   82.636174   4.752743   0.855553   999825.000000
8.500000    33   -0.111996   -0.010245   -0.019856   82.636174   4.752743   -0.260046   999825.000000
8.500000    33   -0.111996   -0.010245   0.024226   82.636174   4.752743   -0.591615   999825.000000
8.750000    34   -0.161313   0.046533   0.041636   78.882001   3.412418   70.669795   999777.000000
8.750000    34   -0.161313   0.046533   -0.046463   78.882001   3.412418   12.018296   999777.000000
8.750000    34   -0.161313   0.046533   -0.278507   78.882001   3.412418   3.067064   999777.000000
8.750000    34   -0.161313   0.046533   0.003589   78.882001   3.412418   -1.331757   999777.000000
8.750000    34   -0.161313   0.046533   0.102809   78.882001   3.412418   -2.414000   999777.000000
8.750000    34   -0.161313   0.046533   0.006896   78.882001   3.412418   0.105241   999777.000000
8.750000    34   -0.161313   0.046533   -0.015103   78.882001   3.412418   0.219541   999777.000000
8.750000    34   -0.161313   0.046533   0.016916   78.882001   3.412418   0.385616   999777.000000
8.750000    34   -0.161313   0.046533   -0.030066   78.882001   3.412418   -2.128935   999777.000000
8.750000    34   -0.161313   0.046533   0.026490   78.882001   3.412418   -0.534172   999777.000000
9.000000    35   -0.113619   0.063209   0.122287   75.288965   4.656202   69.910904   999720.000000
9.000000    35   -0.113619   0.063209   -0.061016   75.288965   4.656202   12.485013   999720.000000
9.000000    35   -0.113619   0.063209   -0.322809   75.288965   4.656202   2.490160   999720.000000
9.000000    35   -0.113619   0.063209   0.023481   75.288965   4.656202   -1.229664   999720.000000
9.000000    35   -0.113619   0.063209   0.104710   75.288965   4.656202   -3.860410   999720.000000
9.000000    35   -0.113619   0.063209   -0.003203   75.288965   4.656202   2.702077   999720.000000
9.000000    35   -0.113619   0.063209   -0.004999   75.288965   4.656202   -1.982249   999720.000000
9.000000    35   -0.113619   0.063209   0.032582   75.288965   4.656202   -1.129256   999720.000000
9.000000    35   -0.113619   0.063209   -0.038584   75.288965   4.656202   -2.010440   999720.000000
9.000000    35   -0.113619   0.063209   0.020594   75.288965   4.656202   -0.568224   999720.000000
9.250000    36   0.004836   0.100132   0.213702   79.956579   5.155019   69.526116   999667.000000
9.250000    36   0.004836   0.100132   -0.060715   79.956579   5.155019   12.837184   999667.000000
9.250000    36   0.004836   0.100132   -0.359963   79.956579   5.155019   1.790894   999667.000000
9.250000    36   0.004836   0.100132   0.029212   79.956579   5.155019   -1.469941   999667.000000
9.250000    36   0.004836   0.100132   0.126974   79.956579   5.155019   0.500306   999667.000000
9.250000    36   0.004836   0.100132   -0.008026   79.956579   5.155019   3.385507   999667.000000
9.250000    36   0.004836   0.100132   0.038854   79.956579   5.155019   -1.481233   999667.000000
9.250000    36   0.004836   0.100132   0.039247   79.956579   5.155019   -1.126757   999667.000000
9.250000    36   0.004836   0.100132   -0.031813   79.956579   5.155019   -3.202884   999667.000000
9.250000    36   0.004836   0.100132   0.005851   79.956579   5.155019   0.592883   999667.000000
9.500000    37   0.078069   0.098420   0.306782   79.684250   3.395667   69.113425   999592.000000
9.500000    37   0.078069   0.098420   -0.063829   79.684250   3.395667   13.637414   999592.000000
9.500000    37   0.078069   0.098420   -0.399424   79.684250   3.395667   2.424167   999592.000000
9.500000    37   0.078069   0.098420   0.031802   79.684250   3.395667   -1.161507   999592.000000
9.500000    37   0.078069   0.098420   0.122276   79.684250   3.395667   -1.238833   999592.000000
9.500000    37   0.078069   0.098420   0.013905   79.684250   3.395667   4.439301   999592.000000
9.500000    37   0.078069   0.098420   0.055833   79.684250   3.395667   -0.704393   999592.000000
9.500000    37   0.078069   0.098420   0.012412   79.684250   3.395667   -1.337529   999592.000000
9.500000    37   0.078069   0.098420   -0.005056   79.684250   3.395667   -4.585002   999592.000000
9.500000    37   0.078069   0.098420   -0.005590   79.684250   3.395667   0.614942   999592.000000
9.750000    38   0.096391   0.123805   0.390375   80.534710   0.783887   69.229030   999507.000000
9.750000    38   0.096391   0.123805   -0.066536   80.534710   0.783887   14.078879   999507.000000
9.750000    38   0.096391   0.123805   -0.429484   80.534710   0.783887   1.373770   999507.000000
9.750000    38   0.096391   0.123805   0.017058   80.534710   0.783887   0.159226   999507.000000
9.750000    38   0.096391   0.123805   0.131787   80.534710   0.783887   -1.495969   999507.000000
9.750000    38   0.096391   0.123805   -0.017923   80.534710   0.783887   3.525056   999507.000000
9.750000    38   0.096391   0.123805   0.027048   80.534710   0.783887   -0.645948   999507.000000
9.750000    38   0.096391   0.123805   0.023357   80.534710   0.783887   -0.683910   999507.000000
9.750000    38   0.096391   0.123805   0.046019   80.534710   0.783887   -3.987426   999507.000000
9.750000    38   0.096391   0.123805   -0.039215   80.534710   0.783887   -0.379455   999507.000000
10.000000    39   0.174656   0.117590   0.458521   83.022430   12.302881   68.969764   999424.000000
10.000000    39   0.174656   0.117590   -0.052938   83.022430   12.302881   13.932980   999424.000000
10.000000    39   0.174656   0.117590   -0.413612   83.022430   12.302881   1.904174   999424.000000
10.000000    39   0.174656   0.117590   0.013580   83.022430   12.302881   0.146321   999424.000000
10.000000    39   0.174656   0.117590   0.115198   83.022430   12.302881   -0.471060   999424.000000
10.000000    39   0.174656   0.117590   0.016838   83.022430   12.302881   3.171466   999424.000000
10.000000    39   0.174656   0.117590   -0.010700   83.022430   12.302881   0.642586   999424.000000
10.000000    39   0.174656   0.117590   0.051951   83.022430   12.302881   0.789180   999424.000000
10.000000    39   0.174656   0.117590   0.028192   83.022430   12.302881   -4.527576   999424.000000
10.000000    39   0.174656   0.117590   -0.065978   83.022430   12.302881   -1.642102   999424.000000
10.250000    40   0.185227   0.062304   0.511710   84.618175   22.256995   69.047016   999306.000000
10.250000    40   0.185227   0.062304   -0.031388   84.618175   22.256995   14.330051   999306.000000
10.250000    40   0.185227   0.062304   -0.421830   84.618175   22.256995   0.921797   999306.000000
10.250000    40   0.185227   0.062304   -0.001246   84.618175   22.256995   0.795304   999306.000000
10.250000    40   0.185227   0.062304   0.118962   84.618175   22.256995   -0.156626   999306.000000
10.250000    40   0.185227   0.062304   0.011466   84.618175   22.256995   4.831778   999306.000000
10.250000    40   0.185227   0.062304   -0.027178   84.618175   22.256995   2.400603   999306.000000
10.250000    40   0.185227   0.062304   0.054226   84.618175   22.256995   0.460492   999306.000000
10.250000    40   0.185227   0.062304   0.003932   84.618175   22.256995   -7.100197   999306.000000
10.250000    40   0.185227   0.062304   -0.048068   84.618175   22.256995   -1.136087   999306.000000
10.500000    41   0.177089   0.009129   0.544399   83.611291   24.055471   68.612563   999216.000000
10.500000    41   0.177089   0.009129   -0.023723   83.611291   24.055471   15.421372   999216.000000
10.500000    41   0.177089   0.009129   -0.419754   83.611291   24.055471   2.796610   999216.000000
10.500000    41   0.177089   0.009129   -0.041783   83.611291   24.055471   -0.943278   999216.000000
10.500000    41   0.177089   0.009129   0.095125   83.611291   24.055471   -0.031514   999216.000000
10.500000    41   0.177089   0.009129   0.058950   83.611291   24.055471   5.766535   999216.000000
10.500000    41   0.177089   0.009129   -0.051177   83.611291   24.055471   1.409333   999216.000000
10.500000    41   0.177089   0.009129   0.046309   83.611291   24.055471   2.598026   999216.000000
10.500000    41   0.177089   0.009129   0.003534   83.611291   24.055471   -8.507004   999216.000000
10.500000    41   0.177089   0.009129   -0.023160   83.611291   24.055471   -4.347821   999216.000000
10.750000    42   0.113556   -0.119596   0.543697   71.540440   26.235648   67.440488   999077.000000
10.750000    42   0.113556   -0.119596   -0.011810   71.540440   26.235648   15.394970   999077.000000
10.750000    42   0.113556   -0.119596   -0.395867   71.540440   26.235648   3.492508   999077.000000
10.750000    42   0.113556   -0.119596   -0.045684   71.540440   26.235648   -1.353827   999077.000000
10.750000    42   0.113556   -0.119596   0.076335   71.540440   26.235648   -3.290011   999077.000000
10.750000    42   0.113556   -0.119596   0.054739   71.540440   26.235648   5.925221   999077.000000
10.750000    42   0.113556   -0.119596   -0.047186   71.540440   26.235648   -2.800552   999077.000000
10.750000    42   0.113556   -0.119596   0.037607   71.540440   26.235648   2.924001   999077.000000
10.750000    42   0.113556   -0.119596   -0.036136   71.540440   26.235648   -11.008239   999077.000000
10.750000    42   0.113556   -0.119596   -0.013515   71.540440   26.235648   -5.440790   999077.000000
11.000000    43   0.236359   -0.196154   0.517540   83.359867   30.737213   67.574898   998904.000000
11.000000    43   0.236359   -0.196154   0.015501   83.359867   30.737213   15.891497   998904.000000
11.000000    43   0.236359   -0.196154   -0.373977   83.359867   30.737213   3.847809   998904.000000
11.000000    43   0.236359   -0.196154   -0.078643   83.359867   30.737213   -0.886631   998904.000000
11.000000    43   0.236359   -0.196154   0.089178   83.359867   30.737213   -7.077684   998904.000000
11.000000    43   0.236359   -0.196154   0.102278   83.359867   30.737213   8.468153   998904.000000
11.000000    43   0.236359   -0.196154   -0.051353   83.359867   30.737213   -2.594015   998904.000000
11.000000    43   0.236359   -0.196154   0.063359   83.359867   30.737213   9.516619   998904.000000
11.000000    43   0.236359   -0.196154   -0.002127   83.359867   30.737213   -8.910788   998904.000000
11.000000    43   0.236359   -0.196154   -0.000319   83.359867   30.737213   -4.560414   998904.000000
11.250000    44   0.230487   -0.336125   0.462588   64.697888   28.013417   67.170140   998709.000000
11.250000    44   0.230487   -0.336125   0.034816   64.697888   28.013417   15.406750   998709.000000
11.250000    44   0.230487   -0.336125   -0.317774   64.697888   28.013417   2.022501   998709.000000
11.250000    44   0.230487   -0.336125   -0.097968   64.697888   28.013417   0.462818   998709.000000
11.250000    44   0.230487   -0.336125   0.101318   64.697888   28.013417   -9.234725   998709.000000
11.250000    44   0.230487   -0.336125   0.123999   64.697888   28.013417   9.544949   998709.000000
11.250000    44   0.230487   -0.336125   -0.016529   64.697888   28.013417   -7.930651   998709.000000
11.250000    44   0.230487   -0.336125   0.033115   64.697888   28.013417   7.810247   998709.000000
11.250000    44   0.230487   -0.336125   -0.033248   64.697888   28.013417   -11.582679   998709.000000
11.250000    44   0.230487   -0.336125   -0.049515   64.697888   28.013417   -10.932783   998709.000000
11.500000    45   0.094071   -0.431064   0.389788   66.835930   46.085736   65.994463   998523.000000
11.500000    45   0.094071   -0.431064   0.031926   66.835930   46.085736   15.350216   998523.000000
11.500000    45   0.094071   -0.431064   -0.290442   66.835930   46.085736   2.205171   998523.000000
11.500000    45   0.094071   -0.431064   -0.145237   66.835930   46.085736   1.439059   998523.000000
11.500000    45   0.094071   -0.431064   0.089573   66.835930   46.085736   -11.331155   998523.000000
11.500000    45   0.094071   -0.431064   0.176759   66.835930   46.085736   12.464754   998523.000000
11.500000    45   0.094071   -0.431064   -0.046321   66.835930   46.085736   -7.518266   998523.000000
11.500000    45   0.094071   -0.431064   0.020513   66.835930   46.085736   12.660974   998523.000000
11.500000    45   0.094071   -0.431064   -0.053876   66.835930   46.085736   -12.951553   998523.000000
11.500000    45   0.094071   -0.431064   -0.049924   66.835930   46.085736   -15.968509   998523.000000
11.750000    46   -0.052539   -0.510574   0.302544   59.262589   19.419302   65.984362   998306.000000
11.750000    46   -0.052539   -0.510574   0.043889   59.262589   19.419302   15.254633   998306.000000
11.750000    46   -0.052539   -0.510574   -0.311867   59.262589   19.419302   -0.352327   998306.000000
11.750000    46   -0.052539   -0.510574   -0.084433   59.262589   19.419302   3.032921   998306.000000
11.750000    46   -0.052539   -0.510574   0.025997   59.262589   19.419302   -20.150311   998306.000000
11.750000    46   -0.052539   -0.510574   0.203447   59.262589   19.419302   10.377160   998306.000000
11.750000    46   -0.052539   -0.510574   -0.053259   59.262589   19.419302   -7.007200   998306.000000
11.750000    46   -0.052539   -0.510574   -0.032396   59.262589   19.419302   12.496799   998306.000000
11.750000    46   -0.052539   -0.510574   -0.036477   59.262589   19.419302   -10.667668   998306.000000
11.750000    46   -0.052539   -0.510574   -0.092404   59.262589   19.419302   -13.314154   998306.000000
12.000000    47   0.130691   -0.576689   0.200532   49.123275   26.715523   65.192368   998038.000000
12.000000    47   0.130691   -0.576689   0.045846   49.123275   26.715523   15.420373   998038.000000
12.000000    47   0.130691   -0.576689   -0.266495   49.123275   26.715523   1.901184   998038.000000
12.000000    47   0.130691   -0.576689   -0.064228   49.123275   26.715523   2.387715   998038.000000
12.000000    47   0.130691   -0.576689   0.044453   49.123275   26.715523   -15.363449   998038.000000
12.000000    47   0.130691   -0.576689   0.217618   49.123275   26.715523   8.930001   998038.000000
12.000000    47   0.130691   -0.576689   0.003868   49.123275   26.715523   -7.675608   998038.000000
12.000000    47   0.130691   -0.576689   0.002715   49.123275   26.715523   10.741864   998038.000000
12.000000    47   0.130691   -0.576689   -0.000023   49.123275   26.715523   -16.647336   998038.000000
12.000000    47   0.130691   -0.576689   -0.059323   49.123275   26.715523   -23.289595   998038.000000
12.250000    48   -0.194927   -0.875729   0.107270   52.072225   26.598577   63.352243   997758.000000
12.250000    48   -0.194927   -0.875729   0.041322   52.072225   26.598577   16.056144   997758.000000
12.250000    48   -0.194927   -0.875729   -0.244495   52.072225   26.598577   2.564217   997758.000000
12.250000    48   -0.194927   -0.875729   -0.116673   52.072225   26.598577   1.594913   997758.000000
12.250000    48   -0.194927   -0.875729   0.033793   52.072225   26.598577   -17.741901   997758.000000
12.250000    48   -0.194927   -0.875729   0.234475   52.072225   26.598577   14.399351   997758.000000
12.250000    48   -0.194927   -0.875729   -0.057193   52.072225   26.598577   -5.250644   997758.000000
12.250000    48   -0.194927   -0.875729   -0.114179   52.072225   26.598577   8.594998   997758.000000
12.250000    48   -0.194927   -0.875729   -0.027760   52.072225   26.598577   -18.384377   997758.000000
12.250000    48   -0.194927   -0.875729   -0.085815   52.072225   26.598577   -20.037429   997758.000000
12.500000    49   -0.652612   -1.193074   0.029904   51.288346   25.111717   62.558894   997460.000000
12.500000    49   -0.652612   -1.193074   0.029260   51.288346   25.111717   16.296097   997460.000000
12.500000    49   -0.652612   -1.193074   -0.262878   51.288346   25.111717   3.675360   997460.000000
12.500000    49   -0.652612   -1.193074   -0.122173   51.288346   25.111717   0.161227   997460.000000
12.500000    49   -0.652612   -1.193074   -0.034409   51.288346   25.111717   -16.164893   997460.000000
12.500000    49   -0.652612   -1.193074   0.218426   51.288346   25.111717   17.930600   997460.000000
12.500000    49   -0.652612   -1.193074   -0.104724   51.288346   25.111717   -4.618149   997460.000000
12.500000    49   -0.652612   -1.193074   -0.194362   51.288346   25.111717   -2.598979   997460.000000
12.500000    49   -0.652612   -1.193074   -0.089775   51.288346   25.111717   -15.283270   997460.000000
12.500000    49   -0.652612   -1.193074   -0.119921   51.288346   25.111717   -17.710098   997460.000000
12.750000    50   -0.601036   -0.984153   -0.021794   17.443240   46.741171   63.243291   997139.000000
12.750000    50   -0.601036   -0.984153   0.020408   17.443240   46.741171   16.508626   997139.000000
12.750000    50   -0.601036   -0.984153   -0.269028   17.443240   46.741171   3.107663   997139.000000
12.750000    50   -0.601036   -0.984153   -0.096780   17.443240   46.741171   1.341789   997139.000000
12.750000    50   -0.601036   -0.984153   -0.017971   17.443240   46.741171   -23.205337   997139.000000
12.750000    50   -0.601036   -0.984153   0.243032   17.443240   46.741171   10.165804   997139.000000
12.750000    50   -0.601036   -0.984153   -0.182961   17.443240   46.741171   -16.514880   997139.000000
12.750000    50   -0.601036   -0.984153   -0.097531   17.443240   46.741171   0.463957   997139.000000
12.750000    50   -0.601036   -0.984153   -0.021671   17.443240   46.741171   -15.961797   997139.000000
12.750000    50   -0.601036   -0.984153   -0.140769   17.443240   46.741171   -24.692911   997139.000000
13.000000    51   -0.191898   -0.959496   -0.052306   -15.462067   76.956209   63.291694   996785.000000
13.000000    51   -0.191898   -0.959496   0.005530   -15.462067   76.956209   17.148427   996785.000000
13.000000    51   -0.191898   -0.959496   -0.264344   -15.462067   76.956209   2.341352   996785.000000
13.000000    51   -0.191898   -0.959496   -0.030073   -15.462067   76.956209   2.121772   996785.000000
13.000000    51   -0.191898   -0.959496   0.016293   -15.462067   76.956209   -24.132954   996785.000000
13.000000    51   -0.191898   -0.959496   0.239162   -15.462067   76.956209   3.907581   996785.000000
13.000000    51   -0.191898   -0.959496   -0.070641   -15.462067   76.956209   -20.712526   996785.000000
13.000000    51   -0.191898   -0.959496   -0.013427   -15.462067   76.956209   -6.119426   996785.000000
13.000000    51   -0.191898   -0.959496   0.028163   -15.462067   76.956209   -21.307813   996785.000000
13.000000    51   -0.191898   -0.959496   -0.083452   -15.462067   76.956209   -29.135329   996785.000000
13.250000    52   0.042029   -0.905058   -0.057942   -45.464857   82.975016   62.996619   996407.000000
13.250000    52   0.042029   -0.905058   -0.031979   -45.464857   82.975016   17.766271   996407.000000
13.250000    52   0.042029   -0.905058   -0.279136   -45.464857   82.975016   6.424818   996407.000000
13.250000    52   0.042029   -0.905058   0.070069   -45.464857   82.975016   2.619335   996407.000000
13.250000    52   0.042029   -0.905058   0.053568   -45.464857   82.975016   -23.648575   996407.000000
13.250000    52   0.042029   -0.905058   0.119035   -45.464857   82.975016   1.899311   996407.000000
13.250000    52   0.042029   -0.905058   0.034023   -45.464857   82.975016   -25.260429   996407.000000
13.250000    52   0.042029   -0.905058   0.010762   -45.464857   82.975016   -12.726981   996407.000000
13.250000    52   0.042029   -0.905058   0.019714   -45.464857   82.975016   -26.169168   996407.000000
13.250000    52   0.042029   -0.905058   -0.049705   -45.464857   82.975016   -42.498088   996407.000000
13.500000    53   -0.021364   -0.797871   -0.045293   -43.123506   76.726546   63.114554   995981.000000
13.500000    53   -0.021364   -0.797871   -0.037488   -43.123506   76.726546   16.736461   995981.000000
13.500000    53   -0.021364   -0.797871   -0.325119   -43.123506   76.726546   8.755320   995981.000000
13.500000    53   -0.021364   -0.797871   0.053390   -43.123506   76.726546   1.723836   995981.000000
13.500000    53   -0.021364   -0.797871   0.120096   -43.123506   76.726546   -30.833472   995981.000000
13.500000    53   -0.021364   -0.797871   0.041768   -43.123506   76.726546   6.827025   995981.000000
13.500000    53   -0.021364   -0.797871   -0.108047   -43.123506   76.726546   -12.968651   995981.000000
13.500000    53   -0.021364   -0.797871   -0.024196   -43.123506   76.726546   -19.969066   995981.000000
13.500000    53   -0.021364   -0.797871   -0.045695   -43.123506   76.726546   -17.983143   995981.000000
13.500000    53   -0.021364   -0.797871   0.116604   -43.123506   76.726546   -50.410491   995981.000000
13.750000    54   -0.051016   -0.863031   -0.022556   -59.362663   60.690792   62.410280   995482.000000
13.750000    54   -0.051016   -0.863031   -0.086982   -59.362663   60.690792   17.617067   995482.000000
13.750000    54   -0.051016   -0.863031   -0.367129   -59.362663   60.690792   7.230159   995482.000000
13.750000    54   -0.051016   -0.863031   0.135976   -59.362663   60.690792   7.960624   995482.000000
13.750000    54   -0.051016   -0.863031   0.135841   -59.362663   60.690792   -40.555924   995482.000000
13.750000    54   -0.051016   -0.863031   0.004130   -59.362663   60.690792   11.804852   995482.000000
13.750000    54   -0.051016   -0.863031   -0.276653   -59.362663   60.690792   -18.819568   995482.000000
13.750000    54   -0.051016   -0.863031   0.051047   -59.362663   60.690792   -20.489987   995482.000000
13.750000    54   -0.051016   -0.863031   -0.044414   -59.362663   60.690792   -19.746662   995482.000000
13.750000    54   -0.051016   -0.863031   0.218627   -59.362663   60.690792   -58.566480   995482.000000
14.000000    55   -0.131211   -0.467855   0.037623   -42.189464   48.894457   63.300692   994985.000000
14.000000    55   -0.131211   -0.467855   -0.124740   -42.189464   48.894457   18.138344   994985.000000
14.000000    55   -0.131211   -0.467855   -0.436951   -42.189464   48.894457   8.372156   994985.000000
14.000000    55   -0.131211   -0.467855   0.244682   -42.189464   48.894457   8.855366   994985.000000
14.000000    55   -0.131211   -0.467855   0.231703   -42.189464   48.894457   -35.734400   994985.000000
14.000000    55   -0.131211   -0.467855   -0.149730   -42.189464   48.894457   11.352609   994985.000000
14.000000    55   -0.131211   -0.467855   -0.494665   -42.189464   48.894457   -27.843807   994985.000000
14.000000    55   -0.131211   -0.467855   0.053146   -42.189464   48.894457   -15.812650   994985.000000
14.000000    55   -0.131211   -0.467855   0.115950   -42.189464   48.894457   -22.077372   994985.000000
14.000000    55   -0.131211   -0.467855   0.194627   -42.189464   48.894457   -63.711551   994985.000000
14.250000    56   0.102438   -0.587566   0.099483   -63.751675   68.993220   63.355956   994455.000000
14.250000    56   0.102438   -0.587566   -0.154286   -63.751675   68.993220   17.730138   994455.000000
14.250000    56   0.102438   -0.587566   -0.412119   -63.751675   68.993220   8.846950   994455.000000
14.250000    56   0.102438   -0.587566   0.298775   -63.751675   68.993220   9.615612   994455.000000
14.250000    56   0.102438   -0.587566   0.237380   -63.751675   68.993220   -52.745887   994455.000000
14.250000    56   0.102438   -0.587566   -0.366749   -63.751675   68.993220   2.478422   994455.000000
14.250000    56   0.102438   -0.587566   -0.456972   -63.751675   68.993220   -32.888675   994455.000000
14.250000    56   0.102438   -0.587566   0.288879   -63.751675   68.993220   -6.393143   994455.000000
14.250000    56   0.102438   -0.587566   -0.003228   -63.751675   68.993220   -41.561783   994455.000000
14.250000    56   0.102438   -0.587566   0.378781   -63.751675   68.993220   -63.973143   994455.000000
14.500000    57   -0.100940   0.142162   0.144581   -57.749346   60.565144   61.046726   993902.000000
14.500000    57   -0.100940   0.142162   -0.130811   -57.749346   60.565144   17.734295   993902.000000
14.500000    57   -0.100940   0.142162   -0.465435   -57.749346   60.565144   4.180039   993902.000000
14.500000    57   -0.100940   0.142162   0.274636   -57.749346   60.565144   7.710339   993902.000000
14.500000    57   -0.100940   0.142162   0.277254   -57.749346   60.565144   -54.642308   993902.000000
14.500000    57   -0.100940   0.142162   -0.583276   -57.749346   60.565144   2.935256   993902.000000
14.500000    57   -0.100940   0.142162   -0.537057   -57.749346   60.565144   -15.731765   993902.000000
14.500000    57   -0.100940   0.142162   0.391468   -57.749346   60.565144   -23.700473   993902.000000
14.500000    57   -0.100940   0.142162   -0.100395   -57.749346   60.565144   -39.246634   993902.000000
14.500000    57   -0.100940   0.142162   0.400097   -57.749346   60.565144   -40.530010   993902.000000
14.750000    58   -0.111244   0.214287   0.225015   -50.741825   -7.054645   62.845841   993320.000000
14.750000    58   -0.111244   0.214287   -0.147028   -50.741825   -7.054645   18.207994   993320.000000
14.750000    58   -0.111244   0.214287   -0.522549   -50.741825   -7.054645   7.123972   993320.000000
14.750000    58   -0.111244   0.214287   0.234585   -50.741825   -7.054645   6.401539   993320.000000
14.750000    58   -0.111244   0.214287   0.276629   -50.741825   -7.054645   -64.931924   993320.000000
14.750000    58   -0.111244   0.214287   -0.592304   -50.741825   -7.054645   1.569510   993320.000000
14.750000    58   -0.111244   0.214287   -0.501785   -50.741825   -7.054645   -9.982426   993320.000000
14.750000    58   -0.111244   0.214287   0.187627   -50.741825   -7.054645   -28.530220   993320.000000
14.750000    58   -0.111244   0.214287   0.115084   -50.741825   -7.054645   -31.035844   993320.000000
14.750000    58   -0.111244   0.214287   0.511754   -50.741825   -7.054645   -35.494713   993320.000000
15.000000    59   -0.896746   0.325235   0.304896   -11.997451   44.705422   64.216386   992659.000000
15.000000    59   -0.896746   0.325235   -0.170956   -11.997451   44.705422   17.883247   992659.000000
15.000000    59   -0.896746   0.325235   -0.550418   -11.997451   44.705422   5.802923   992659.000000
15.000000    59   -0.896746   0.325235   0.127996   -11.997451   44.705422   3.706995   992659.000000
15.000000    59   -0.896746   0.325235   0.287123   -11.997451   44.705422   -67.079741   992659.000000
15.000000    59   -0.896746   0.325235   -0.670084   -11.997451   44.705422   -24.926506   992659.000000
15.000000    59   -0.896746   0.325235   -0.500304   -11.997451   44.705422   3.401825   992659.000000
15.000000    59   -0.896746   0.325235   0.265860   -11.997451   44.705422   -23.978652   992659.000000
15.000000    59   -0.896746   0.325235   -0.049993   -11.997451   44.705422   -37.885757   992659.000000
15.000000    59   -0.896746   0.325235   0.055237   -11.997451   44.705422   -6.227397   992659.000000
Number of threads was 24
