dt 0.050000 T 15.000000 Nsample 1000000
Time   abszsum1   argzsum1   realsum   habszsum1   hargzsum1   hrealsum   a
0.250000    0   0.981205   0.000220   0.964503   85.678522   0.005230   85.360921   1000000.000000
0.250000    0   0.981205   0.000220   0.016702   85.678522   0.005230   0.317601   1000000.000000
0.250000    0   0.981205   0.000220   0.000000   85.678522   0.005230   0.000000   1000000.000000
0.250000    0   0.981205   0.000220   0.000000   85.678522   0.005230   0.000000   1000000.000000
0.250000    0   0.981205   0.000220   0.000000   85.678522   0.005230   0.000000   1000000.000000
0.250000    0   0.981205   0.000220   0.000000   85.678522   0.005230   0.000000   1000000.000000
0.250000    0   0.981205   0.000220   0.000000   85.678522   0.005230   0.000000   1000000.000000
0.250000    0   0.981205   0.000220   0.000000   85.678522   0.005230   0.000000   1000000.000000
0.250000    0   0.981205   0.000220   0.000000   85.678522   0.005230   0.000000   1000000.000000
0.250000    0   0.981205   0.000220   0.000000   85.678522   0.005230   0.000000   1000000.000000
0.500000    1   0.921822   0.000643   0.872731   85.687275   0.020624   84.999476   1000000.000000
0.500000    1   0.921822   0.000643   0.063400   85.687275   0.020624   0.577439   1000000.000000
0.500000    1   0.921822   0.000643   -0.014309   85.687275   0.020624   0.110360   1000000.000000
0.500000    1   0.921822   0.000643   0.000000   85.687275   0.020624   0.000000   1000000.000000
0.500000    1   0.921822   0.000643   0.000000   85.687275   0.020624   0.000000   1000000.000000
0.500000    1   0.921822   0.000643   0.000000   85.687275   0.020624   0.000000   1000000.000000
0.500000    1   0.921822   0.000643   0.000000   85.687275   0.020624   0.000000   1000000.000000
0.500000    1   0.921822   0.000643   0.000000   85.687275   0.020624   0.000000   1000000.000000
0.500000    1   0.921822   0.000643   0.000000   85.687275   0.020624   0.000000   1000000.000000
0.500000    1   0.921822   0.000643   0.000000   85.687275   0.020624   0.000000   1000000.000000
0.750000    2   0.830413   0.000722   0.739815   85.617577   0.014934   84.558740   1000000.000000
0.750000    2   0.830413   0.000722   0.121846   85.617577   0.014934   0.762615   1000000.000000
0.750000    2   0.830413   0.000722   -0.029624   85.617577   0.014934   0.296752   1000000.000000
0.750000    2   0.830413   0.000722   -0.001624   85.617577   0.014934   -0.000530   1000000.000000
0.750000    2   0.830413   0.000722   0.000000   85.617577   0.014934   0.000000   1000000.000000
0.750000    2   0.830413   0.000722   0.000000   85.617577   0.014934   0.000000   1000000.000000
0.750000    2   0.830413   0.000722   0.000000   85.617577   0.014934   0.000000   1000000.000000
0.750000    2   0.830413   0.000722   0.000000   85.617577   0.014934   0.000000   1000000.000000
0.750000    2   0.830413   0.000722   0.000000   85.617577   0.014934   0.000000   1000000.000000
0.750000    2   0.830413   0.000722   0.000000   85.617577   0.014934   0.000000   1000000.000000
1.000000    3   0.713732   0.001075   0.582090   85.580893   -0.020901   84.150154   1000000.000000
1.000000    3   0.713732   0.001075   0.173562   85.580893   -0.020901   1.000276   1000000.000000
1.000000    3   0.713732   0.001075   -0.037715   85.580893   -0.020901   0.446551   1000000.000000
1.000000    3   0.713732   0.001075   -0.004365   85.580893   -0.020901   -0.015163   1000000.000000
1.000000    3   0.713732   0.001075   0.000159   85.580893   -0.020901   -0.000925   1000000.000000
1.000000    3   0.713732   0.001075   0.000000   85.580893   -0.020901   0.000000   1000000.000000
1.000000    3   0.713732   0.001075   0.000000   85.580893   -0.020901   0.000000   1000000.000000
1.000000    3   0.713732   0.001075   0.000000   85.580893   -0.020901   0.000000   1000000.000000
1.000000    3   0.713732   0.001075   0.000000   85.580893   -0.020901   0.000000   1000000.000000
1.000000    3   0.713732   0.001075   0.000000   85.580893   -0.020901   0.000000   1000000.000000
1.250000    4   0.583038   0.000492   0.418028   85.591520   0.018564   83.737125   1000000.000000
1.250000    4   0.583038   0.000492   0.208764   85.591520   0.018564   1.265695   1000000.000000
1.250000    4   0.583038   0.000492   -0.037227   85.591520   0.018564   0.600778   1000000.000000
1.250000    4   0.583038   0.000492   -0.006853   85.591520   0.018564   -0.017083   1000000.000000
1.250000    4   0.583038   0.000492   0.000346   85.591520   0.018564   0.005597   1000000.000000
1.250000    4   0.583038   0.000492   -0.000020   85.591520   0.018564   -0.000592   1000000.000000
1.250000    4   0.583038   0.000492   0.000000   85.591520   0.018564   0.000000   1000000.000000
1.250000    4   0.583038   0.000492   0.000000   85.591520   0.018564   0.000000   1000000.000000
1.250000    4   0.583038   0.000492   0.000000   85.591520   0.018564   0.000000   1000000.000000
1.250000    4   0.583038   0.000492   0.000000   85.591520   0.018564   0.000000   1000000.000000
1.500000    5   0.441717   0.000791   0.260924   85.576456   0.006565   83.434615   1000000.000000
1.500000    5   0.441717   0.000791   0.217457   85.576456   0.006565   1.392705   1000000.000000
1.500000    5   0.441717   0.000791   -0.029766   85.576456   0.006565   0.768179   1000000.000000
1.500000    5   0.441717   0.000791   -0.007332   85.576456   0.006565   0.000744   1000000.000000
1.500000    5   0.441717   0.000791   0.000374   85.576456   0.006565   -0.019987   1000000.000000
1.500000    5   0.441717   0.000791   0.000062   85.576456   0.006565   0.001803   1000000.000000
1.500000    5   0.441717   0.000791   -0.000000   85.576456   0.006565   -0.001603   1000000.000000
1.500000    5   0.441717   0.000791   0.000000   85.576456   0.006565   0.000000   1000000.000000
1.500000    5   0.441717   0.000791   0.000000   85.576456   0.006565   0.000000   1000000.000000
1.500000    5   0.441717   0.000791   0.000000   85.576456   0.006565   0.000000   1000000.000000
1.750000    6   0.305907   -0.000698   0.120898   85.533428   -0.133000   83.036763   1000000.000000
1.750000    6   0.305907   -0.000698   0.208299   85.533428   -0.133000   1.702187   1000000.000000
1.750000    6   0.305907   -0.000698   -0.018474   85.533428   -0.133000   0.823823   1000000.000000
1.750000    6   0.305907   -0.000698   -0.005451   85.533428   -0.133000   -0.017384   1000000.000000
1.750000    6   0.305907   -0.000698   0.000436   85.533428   -0.133000   -0.012303   1000000.000000
1.750000    6   0.305907   -0.000698   0.000191   85.533428   -0.133000   0.001491   1000000.000000
1.750000    6   0.305907   -0.000698   0.000008   85.533428   -0.133000   -0.001148   1000000.000000
1.750000    6   0.305907   -0.000698   0.000000   85.533428   -0.133000   0.000000   1000000.000000
1.750000    6   0.305907   -0.000698   0.000000   85.533428   -0.133000   0.000000   1000000.000000
1.750000    6   0.305907   -0.000698   0.000000   85.533428   -0.133000   0.000000   1000000.000000
2.000000    7   0.181131   -0.000227   0.007091   85.397222   -0.119766   82.526939   1000000.000000
2.000000    7   0.181131   -0.000227   0.182389   85.397222   -0.119766   1.944600   1000000.000000
2.000000    7   0.181131   -0.000227   -0.006443   85.397222   -0.119766   0.975921   1000000.000000
2.000000    7   0.181131   -0.000227   -0.002881   85.397222   -0.119766   0.008810   1000000.000000
2.000000    7   0.181131   -0.000227   0.000702   85.397222   -0.119766   -0.047226   1000000.000000
2.000000    7   0.181131   -0.000227   0.000320   85.397222   -0.119766   -0.005903   1000000.000000
2.000000    7   0.181131   -0.000227   -0.000050   85.397222   -0.119766   -0.004932   1000000.000000
2.000000    7   0.181131   -0.000227   0.000002   85.397222   -0.119766   -0.000987   1000000.000000
2.000000    7   0.181131   -0.000227   0.000000   85.397222   -0.119766   0.000000   1000000.000000
2.000000    7   0.181131   -0.000227   0.000000   85.397222   -0.119766   0.000000   1000000.000000
2.250000    8   0.081272   -0.000998   -0.073584   85.368016   -0.125786   82.141215   1000000.000000
2.250000    8   0.081272   -0.000998   0.151398   85.368016   -0.125786   2.261975   1000000.000000
2.250000    8   0.081272   -0.000998   0.003623   85.368016   -0.125786   1.033831   1000000.000000
2.250000    8   0.081272   -0.000998   -0.001784   85.368016   -0.125786   -0.001897   1000000.000000
2.250000    8   0.081272   -0.000998   0.001618   85.368016   -0.125786   -0.025006   1000000.000000
2.250000    8   0.081272   -0.000998   0.000090   85.368016   -0.125786   -0.030729   1000000.000000
2.250000    8   0.081272   -0.000998   -0.000053   85.368016   -0.125786   -0.010388   1000000.000000
2.250000    8   0.081272   -0.000998   -0.000036   85.368016   -0.125786   -0.000986   1000000.000000
2.250000    8   0.081272   -0.000998   0.000000   85.368016   -0.125786   0.000000   1000000.000000
2.250000    8   0.081272   -0.000998   0.000000   85.368016   -0.125786   0.000000   1000000.000000
2.500000    9   0.006927   0.000016   -0.119050   85.298606   0.084699   81.753051   1000000.000000
2.500000    9   0.006927   0.000016   0.117433   85.298606   0.084699   2.523771   1000000.000000
2.500000    9   0.006927   0.000016   0.006814   85.298606   0.084699   1.083374   1000000.000000
2.500000    9   0.006927   0.000016   -0.000587   85.298606   0.084699   0.058936   1000000.000000
2.500000    9   0.006927   0.000016   0.003053   85.298606   0.084699   -0.071217   1000000.000000
2.500000    9   0.006927   0.000016   -0.000471   85.298606   0.084699   -0.053845   1000000.000000
2.500000    9   0.006927   0.000016   -0.000288   85.298606   0.084699   0.006133   1000000.000000
2.500000    9   0.006927   0.000016   0.000023   85.298606   0.084699   -0.001597   1000000.000000
2.500000    9   0.006927   0.000016   0.000000   85.298606   0.084699   0.000000   1000000.000000
2.500000    9   0.006927   0.000016   0.000000   85.298606   0.084699   0.000000   1000000.000000
2.750000    10   -0.034772   0.000246   -0.127423   85.318553   0.162616   81.396783   1000000.000000
2.750000    10   -0.034772   0.000246   0.087625   85.318553   0.162616   2.888274   1000000.000000
2.750000    10   -0.034772   0.000246   -0.000929   85.318553   0.162616   1.162492   1000000.000000
2.750000    10   -0.034772   0.000246   0.001509   85.318553   0.162616   0.131332   1000000.000000
2.750000    10   -0.034772   0.000246   0.005052   85.318553   0.162616   -0.218532   1000000.000000
2.750000    10   -0.034772   0.000246   -0.000330   85.318553   0.162616   -0.041946   1000000.000000
2.750000    10   -0.034772   0.000246   -0.000272   85.318553   0.162616   -0.001017   1000000.000000
2.750000    10   -0.034772   0.000246   -0.000004   85.318553   0.162616   0.001167   1000000.000000
2.750000    10   -0.034772   0.000246   0.000000   85.318553   0.162616   0.000000   1000000.000000
2.750000    10   -0.034772   0.000246   0.000000   85.318553   0.162616   0.000000   1000000.000000
3.000000    11   -0.043114   0.000943   -0.099160   85.496929   0.211745   80.945758   1000000.000000
3.000000    11   -0.043114   0.000943   0.060453   85.496929   0.211745   3.309733   1000000.000000
3.000000    11   -0.043114   0.000943   -0.015465   85.496929   0.211745   1.255788   1000000.000000
3.000000    11   -0.043114   0.000943   0.003886   85.496929   0.211745   0.075992   1000000.000000
3.000000    11   -0.043114   0.000943   0.007747   85.496929   0.211745   -0.083173   1000000.000000
3.000000    11   -0.043114   0.000943   -0.000262   85.496929   0.211745   -0.016106   1000000.000000
3.000000    11   -0.043114   0.000943   -0.000252   85.496929   0.211745   0.008329   1000000.000000
3.000000    11   -0.043114   0.000943   -0.000121   85.496929   0.211745   -0.003809   1000000.000000
3.000000    11   -0.043114   0.000943   0.000060   85.496929   0.211745   0.004418   1000000.000000
3.000000    11   -0.043114   0.000943   0.000000   85.496929   0.211745   0.000000   1000000.000000
3.250000    12   -0.020274   0.003527   -0.038797   85.716446   0.265378   80.525148   1000000.000000
3.250000    12   -0.020274   0.003527   0.037370   85.716446   0.265378   3.671284   1000000.000000
3.250000    12   -0.020274   0.003527   -0.037033   85.716446   0.265378   1.312080   1000000.000000
3.250000    12   -0.020274   0.003527   0.005775   85.716446   0.265378   0.161658   1000000.000000
3.250000    12   -0.020274   0.003527   0.011865   85.716446   0.265378   0.091139   1000000.000000
3.250000    12   -0.020274   0.003527   0.001148   85.716446   0.265378   -0.068456   1000000.000000
3.250000    12   -0.020274   0.003527   -0.000423   85.716446   0.265378   0.018554   1000000.000000
3.250000    12   -0.020274   0.003527   -0.000270   85.716446   0.265378   0.006763   1000000.000000
3.250000    12   -0.020274   0.003527   0.000096   85.716446   0.265378   0.001366   1000000.000000
3.250000    12   -0.020274   0.003527   -0.000005   85.716446   0.265378   -0.003089   1000000.000000
3.500000    13   0.026281   0.006313   0.049168   85.680518   0.106229   80.069592   1000000.000000
3.500000    13   0.026281   0.006313   0.023168   85.680518   0.106229   4.292736   1000000.000000
3.500000    13   0.026281   0.006313   -0.066380   85.680518   0.106229   1.112239   1000000.000000
3.500000    13   0.026281   0.006313   0.004526   85.680518   0.106229   0.123824   1000000.000000
3.500000    13   0.026281   0.006313   0.015282   85.680518   0.106229   0.101308   1000000.000000
3.500000    13   0.026281   0.006313   0.001581   85.680518   0.106229   -0.040434   1000000.000000
3.500000    13   0.026281   0.006313   -0.000879   85.680518   0.106229   -0.012486   1000000.000000
3.500000    13   0.026281   0.006313   -0.000316   85.680518   0.106229   0.028363   1000000.000000
3.500000    13   0.026281   0.006313   0.000125   85.680518   0.106229   0.009774   1000000.000000
3.500000    13   0.026281   0.006313   0.000006   85.680518   0.106229   -0.004399   1000000.000000
3.750000    14   0.092876   0.004797   0.158124   86.014106   0.264489   79.670658   1000000.000000
3.750000    14   0.092876   0.004797   0.008775   86.014106   0.264489   4.816823   1000000.000000
3.750000    14   0.092876   0.004797   -0.096452   86.014106   0.264489   1.396391   1000000.000000
3.750000    14   0.092876   0.004797   0.003362   86.014106   0.264489   0.105749   1000000.000000
3.750000    14   0.092876   0.004797   0.018411   86.014106   0.264489   -0.031264   1000000.000000
3.750000    14   0.092876   0.004797   0.001073   86.014106   0.264489   -0.024668   1000000.000000
3.750000    14   0.092876   0.004797   -0.000135   86.014106   0.264489   0.040105   1000000.000000
3.750000    14   0.092876   0.004797   -0.000127   86.014106   0.264489   0.017482   1000000.000000
3.750000    14   0.092876   0.004797   -0.000126   86.014106   0.264489   0.030191   1000000.000000
3.750000    14   0.092876   0.004797   -0.000030   86.014106   0.264489   -0.007362   1000000.000000
4.000000    15   0.167899   0.006826   0.275824   85.627083   0.181493   79.125591   1000000.000000
4.000000    15   0.167899   0.006826   -0.004443   85.627083   0.181493   5.258028   1000000.000000
4.000000    15   0.167899   0.006826   -0.127170   85.627083   0.181493   1.428397   1000000.000000
4.000000    15   0.167899   0.006826   0.001364   85.627083   0.181493   -0.059702   1000000.000000
4.000000    15   0.167899   0.006826   0.021632   85.627083   0.181493   -0.093436   1000000.000000
4.000000    15   0.167899   0.006826   0.000689   85.627083   0.181493   -0.001714   1000000.000000
4.000000    15   0.167899   0.006826   -0.000159   85.627083   0.181493   -0.032951   1000000.000000
4.000000    15   0.167899   0.006826   0.000156   85.627083   0.181493   0.008651   1000000.000000
4.000000    15   0.167899   0.006826   -0.000169   85.627083   0.181493   0.009913   1000000.000000
4.000000    15   0.167899   0.006826   0.000131   85.627083   0.181493   -0.015695   1000000.000000
4.250000    16   0.251790   0.008142   0.393070   85.644207   0.465149   78.730090   1000000.000000
4.250000    16   0.251790   0.008142   -0.006393   85.644207   0.465149   5.874231   1000000.000000
4.250000    16   0.251790   0.008142   -0.157493   85.644207   0.465149   1.464893   1000000.000000
4.250000    16   0.251790   0.008142   -0.003111   85.644207   0.465149   -0.112182   1000000.000000
4.250000    16   0.251790   0.008142   0.025367   85.644207   0.465149   -0.118708   1000000.000000
4.250000    16   0.251790   0.008142   0.001084   85.644207   0.465149   -0.126630   1000000.000000
4.250000    16   0.251790   0.008142   0.000308   85.644207   0.465149   0.008405   1000000.000000
4.250000    16   0.251790   0.008142   -0.000621   85.644207   0.465149   -0.076341   1000000.000000
4.250000    16   0.251790   0.008142   -0.000655   85.644207   0.465149   0.007490   1000000.000000
4.250000    16   0.251790   0.008142   0.000142   85.644207   0.465149   -0.007041   1000000.000000
4.500000    17   0.330290   0.004347   0.499003   85.326192   0.727469   78.495113   1000000.000000
4.500000    17   0.330290   0.004347   -0.000551   85.326192   0.727469   6.342001   1000000.000000
4.500000    17   0.330290   0.004347   -0.185134   85.326192   0.727469   1.368805   1000000.000000
4.500000    17   0.330290   0.004347   -0.010438   85.326192   0.727469   -0.490731   1000000.000000
4.500000    17   0.330290   0.004347   0.026536   85.326192   0.727469   -0.003117   1000000.000000
4.500000    17   0.330290   0.004347   0.001870   85.326192   0.727469   -0.102711   1000000.000000
4.500000    17   0.330290   0.004347   0.000320   85.326192   0.727469   -0.046325   1000000.000000
4.500000    17   0.330290   0.004347   -0.000689   85.326192   0.727469   -0.184259   1000000.000000
4.500000    17   0.330290   0.004347   -0.000888   85.326192   0.727469   -0.054030   1000000.000000
4.500000    17   0.330290   0.004347   0.000182   85.326192   0.727469   -0.000327   1000000.000000
4.750000    18   0.398962   -0.006009   0.581500   85.687074   0.309209   78.036833   999999.000000
4.750000    18   0.398962   -0.006009   0.008248   85.687074   0.309209   6.670587   999999.000000
4.750000    18   0.398962   -0.006009   -0.205812   85.687074   0.309209   1.421025   999999.000000
4.750000    18   0.398962   -0.006009   -0.015473   85.687074   0.309209   -0.543317   999999.000000
4.750000    18   0.398962   -0.006009   0.030313   85.687074   0.309209   0.235679   999999.000000
4.750000    18   0.398962   -0.006009   0.003793   85.687074   0.309209   0.048480   999999.000000
4.750000    18   0.398962   -0.006009   -0.000873   85.687074   0.309209   -0.002458   999999.000000
4.750000    18   0.398962   -0.006009   -0.001848   85.687074   0.309209   -0.176724   999999.000000
4.750000    18   0.398962   -0.006009   -0.001375   85.687074   0.309209   0.017984   999999.000000
4.750000    18   0.398962   -0.006009   0.000413   85.687074   0.309209   -0.016678   999999.000000
5.000000    19   0.445769   -0.007021   0.635472   85.668909   -0.240918   77.508662   999996.000000
5.000000    19   0.445769   -0.007021   0.029749   85.668909   -0.240918   6.967289   999996.000000
5.000000    19   0.445769   -0.007021   -0.222340   85.668909   -0.240918   1.618044   999996.000000
5.000000    19   0.445769   -0.007021   -0.026521   85.668909   -0.240918   -0.596556   999996.000000
5.000000    19   0.445769   -0.007021   0.032944   85.668909   -0.240918   0.013460   999996.000000
5.000000    19   0.445769   -0.007021   0.002103   85.668909   -0.240918   0.090668   999996.000000
5.000000    19   0.445769   -0.007021   -0.002165   85.668909   -0.240918   0.348969   999996.000000
5.000000    19   0.445769   -0.007021   -0.002151   85.668909   -0.240918   -0.305131   999996.000000
5.000000    19   0.445769   -0.007021   -0.001338   85.668909   -0.240918   0.025898   999996.000000
5.000000    19   0.445769   -0.007021   -0.000137   85.668909   -0.240918   0.003470   999996.000000
5.250000    20   0.476413   -0.020162   0.657209   86.105941   -0.177631   77.165959   999996.000000
5.250000    20   0.476413   -0.020162   0.049984   86.105941   -0.177631   7.275516   999996.000000
5.250000    20   0.476413   -0.020162   -0.229287   86.105941   -0.177631   1.890584   999996.000000
5.250000    20   0.476413   -0.020162   -0.035716   86.105941   -0.177631   -0.254406   999996.000000
5.250000    20   0.476413   -0.020162   0.036192   86.105941   -0.177631   -0.040222   999996.000000
5.250000    20   0.476413   -0.020162   0.001627   86.105941   -0.177631   -0.002862   999996.000000
5.250000    20   0.476413   -0.020162   0.001357   86.105941   -0.177631   0.397253   999996.000000
5.250000    20   0.476413   -0.020162   -0.002929   86.105941   -0.177631   -0.277580   999996.000000
5.250000    20   0.476413   -0.020162   -0.001899   86.105941   -0.177631   -0.032975   999996.000000
5.250000    20   0.476413   -0.020162   -0.000544   86.105941   -0.177631   -0.013811   999996.000000
5.500000    21   0.482311   -0.022781   0.647030   87.014692   0.818755   76.789940   999993.000000
5.500000    21   0.482311   -0.022781   0.068404   87.014692   0.818755   7.624670   999993.000000
5.500000    21   0.482311   -0.022781   -0.223615   87.014692   0.818755   2.599166   999993.000000
5.500000    21   0.482311   -0.022781   -0.043409   87.014692   0.818755   -0.150440   999993.000000
5.500000    21   0.482311   -0.022781   0.034240   87.014692   0.818755   0.065297   999993.000000
5.500000    21   0.482311   -0.022781   0.001709   87.014692   0.818755   -0.049713   999993.000000
5.500000    21   0.482311   -0.022781   0.003839   87.014692   0.818755   0.588146   999993.000000
5.500000    21   0.482311   -0.022781   -0.004422   87.014692   0.818755   -0.440921   999993.000000
5.500000    21   0.482311   -0.022781   -0.001521   87.014692   0.818755   -0.008740   999993.000000
5.500000    21   0.482311   -0.022781   -0.000438   87.014692   0.818755   -0.001941   999993.000000
5.750000    22   0.463316   -0.011580   0.602959   87.611137   0.099097   76.274156   999991.000000
5.750000    22   0.463316   -0.011580   0.085889   87.611137   0.099097   8.075343   999991.000000
5.750000    22   0.463316   -0.011580   -0.211386   87.611137   0.099097   2.900392   999991.000000
5.750000    22   0.463316   -0.011580   -0.050092   87.611137   0.099097   -0.393986   999991.000000
5.750000    22   0.463316   -0.011580   0.030351   87.611137   0.099097   0.407231   999991.000000
5.750000    22   0.463316   -0.011580   0.005068   87.611137   0.099097   0.084749   999991.000000
5.750000    22   0.463316   -0.011580   0.003590   87.611137   0.099097   0.530541   999991.000000
5.750000    22   0.463316   -0.011580   -0.002596   87.611137   0.099097   -0.455990   999991.000000
5.750000    22   0.463316   -0.011580   -0.001079   87.611137   0.099097   0.124072   999991.000000
5.750000    22   0.463316   -0.011580   0.000202   87.611137   0.099097   0.064196   999991.000000
6.000000    23   0.419857   -0.001417   0.533712   88.552206   1.087183   75.789902   999990.000000
6.000000    23   0.419857   -0.001417   0.097979   88.552206   1.087183   8.376946   999990.000000
6.000000    23   0.419857   -0.001417   -0.193902   88.552206   1.087183   3.426732   999990.000000
6.000000    23   0.419857   -0.001417   -0.050551   88.552206   1.087183   -0.673063   999990.000000
6.000000    23   0.419857   -0.001417   0.030630   88.552206   1.087183   0.532290   999990.000000
6.000000    23   0.419857   -0.001417   0.006289   88.552206   1.087183   0.567162   999990.000000
6.000000    23   0.419857   -0.001417   -0.001243   88.552206   1.087183   0.787882   999990.000000
6.000000    23   0.419857   -0.001417   -0.002923   88.552206   1.087183   -0.496091   999990.000000
6.000000    23   0.419857   -0.001417   0.000360   88.552206   1.087183   0.137638   999990.000000
6.000000    23   0.419857   -0.001417   -0.001140   88.552206   1.087183   0.077349   999990.000000
6.250000    24   0.359979   -0.012197   0.443907   87.873013   0.947754   75.279329   999989.000000
6.250000    24   0.359979   -0.012197   0.102684   87.873013   0.947754   8.556099   999989.000000
6.250000    24   0.359979   -0.012197   -0.171174   87.873013   0.947754   2.985052   999989.000000
6.250000    24   0.359979   -0.012197   -0.041557   87.873013   0.947754   -0.827613   999989.000000
6.250000    24   0.359979   -0.012197   0.027714   87.873013   0.947754   0.629787   999989.000000
6.250000    24   0.359979   -0.012197   0.007725   87.873013   0.947754   0.740448   999989.000000
6.250000    24   0.359979   -0.012197   -0.001657   87.873013   0.947754   1.171337   999989.000000
6.250000    24   0.359979   -0.012197   -0.005544   87.873013   0.947754   -0.765489   999989.000000
6.250000    24   0.359979   -0.012197   -0.001623   87.873013   0.947754   0.053528   999989.000000
6.250000    24   0.359979   -0.012197   -0.001837   87.873013   0.947754   -0.001101   999989.000000
6.500000    25   0.276954   -0.015826   0.338544   88.249760   0.166359   74.727267   999984.000000
6.500000    25   0.276954   -0.015826   0.106573   88.249760   0.166359   8.500289   999984.000000
6.500000    25   0.276954   -0.015826   -0.154844   88.249760   0.166359   2.966938   999984.000000
6.500000    25   0.276954   -0.015826   -0.038466   88.249760   0.166359   -0.866839   999984.000000
6.500000    25   0.276954   -0.015826   0.021622   88.249760   0.166359   1.391051   999984.000000
6.500000    25   0.276954   -0.015826   0.006555   88.249760   0.166359   1.147371   999984.000000
6.500000    25   0.276954   -0.015826   0.000424   88.249760   0.166359   1.387461   999984.000000
6.500000    25   0.276954   -0.015826   0.000884   88.249760   0.166359   -0.677450   999984.000000
6.500000    25   0.276954   -0.015826   -0.002033   88.249760   0.166359   -0.309951   999984.000000
6.500000    25   0.276954   -0.015826   -0.002260   88.249760   0.166359   -0.043631   999984.000000
6.750000    26   0.191491   -0.030095   0.231649   88.499086   -0.498035   74.284347   999970.000000
6.750000    26   0.191491   -0.030095   0.107791   88.499086   -0.498035   8.736019   999970.000000
6.750000    26   0.191491   -0.030095   -0.137123   88.499086   -0.498035   3.257489   999970.000000
6.750000    26   0.191491   -0.030095   -0.030856   88.499086   -0.498035   -1.495490   999970.000000
6.750000    26   0.191491   -0.030095   0.019544   88.499086   -0.498035   1.223886   999970.000000
6.750000    26   0.191491   -0.030095   0.008535   88.499086   -0.498035   1.420930   999970.000000
6.750000    26   0.191491   -0.030095   -0.004212   88.499086   -0.498035   1.710711   999970.000000
6.750000    26   0.191491   -0.030095   -0.000366   88.499086   -0.498035   -0.845644   999970.000000
6.750000    26   0.191491   -0.030095   -0.001215   88.499086   -0.498035   0.202077   999970.000000
6.750000    26   0.191491   -0.030095   -0.001690   88.499086   -0.498035   -0.056883   999970.000000
7.000000    27   0.104577   -0.031441   0.130279   89.708094   -1.522049   74.141091   999957.000000
7.000000    27   0.104577   -0.031441   0.098885   89.708094   -1.522049   9.230588   999957.000000
7.000000    27   0.104577   -0.031441   -0.123943   89.708094   -1.522049   3.109077   999957.000000
7.000000    27   0.104577   -0.031441   -0.025577   89.708094   -1.522049   -1.344419   999957.000000
7.000000    27   0.104577   -0.031441   0.025471   89.708094   -1.522049   0.722275   999957.000000
7.000000    27   0.104577   -0.031441   0.003247   89.708094   -1.522049   2.009883   999957.000000
7.000000    27   0.104577   -0.031441   -0.000342   89.708094   -1.522049   1.195808   999957.000000
7.000000    27   0.104577   -0.031441   -0.000686   89.708094   -1.522049   -0.142830   999957.000000
7.000000    27   0.104577   -0.031441   -0.004557   89.708094   -1.522049   0.114585   999957.000000
7.000000    27   0.104577   -0.031441   -0.000162   89.708094   -1.522049   0.448804   999957.000000
7.250000    28   0.007662   -0.051479   0.040842   88.914821   -1.876577   74.098264   999941.000000
7.250000    28   0.007662   -0.051479   0.087064   88.914821   -1.876577   9.404876   999941.000000
7.250000    28   0.007662   -0.051479   -0.127425   88.914821   -1.876577   3.057731   999941.000000
7.250000    28   0.007662   -0.051479   -0.020106   88.914821   -1.876577   -1.562877   999941.000000
7.250000    28   0.007662   -0.051479   0.035111   88.914821   -1.876577   0.324011   999941.000000
7.250000    28   0.007662   -0.051479   -0.001654   88.914821   -1.876577   1.584580   999941.000000
7.250000    28   0.007662   -0.051479   -0.008752   88.914821   -1.876577   0.934600   999941.000000
7.250000    28   0.007662   -0.051479   -0.001571   88.914821   -1.876577   -0.063447   999941.000000
7.250000    28   0.007662   -0.051479   0.001023   88.914821   -1.876577   0.413886   999941.000000
7.250000    28   0.007662   -0.051479   0.003541   88.914821   -1.876577   0.224895   999941.000000
7.500000    29   -0.086023   -0.058146   -0.032436   88.667138   -1.229161   73.322075   999931.000000
7.500000    29   -0.086023   -0.058146   0.068435   88.667138   -1.229161   9.808672   999931.000000
7.500000    29   -0.086023   -0.058146   -0.129220   88.667138   -1.229161   3.333716   999931.000000
7.500000    29   -0.086023   -0.058146   -0.005990   88.667138   -1.229161   -1.617841   999931.000000
7.500000    29   -0.086023   -0.058146   0.031496   88.667138   -1.229161   0.309407   999931.000000
7.500000    29   -0.086023   -0.058146   -0.017069   88.667138   -1.229161   1.159776   999931.000000
7.500000    29   -0.086023   -0.058146   -0.009214   88.667138   -1.229161   1.292045   999931.000000
7.500000    29   -0.086023   -0.058146   0.008936   88.667138   -1.229161   -0.230120   999931.000000
7.500000    29   -0.086023   -0.058146   0.000826   88.667138   -1.229161   0.304266   999931.000000
7.500000    29   -0.086023   -0.058146   0.001128   88.667138   -1.229161   0.686558   999931.000000
7.750000    30   -0.132139   -0.040578   -0.073359   88.079916   -1.054721   73.030044   999912.000000
7.750000    30   -0.132139   -0.040578   0.060742   88.079916   -1.054721   10.054145   999912.000000
7.750000    30   -0.132139   -0.040578   -0.143568   88.079916   -1.054721   3.862642   999912.000000
7.750000    30   -0.132139   -0.040578   0.002224   88.079916   -1.054721   -2.054015   999912.000000
7.750000    30   -0.132139   -0.040578   0.041178   88.079916   -1.054721   0.092884   999912.000000
7.750000    30   -0.132139   -0.040578   -0.023125   88.079916   -1.054721   1.531184   999912.000000
7.750000    30   -0.132139   -0.040578   -0.003215   88.079916   -1.054721   0.636464   999912.000000
7.750000    30   -0.132139   -0.040578   0.011430   88.079916   -1.054721   -0.081865   999912.000000
7.750000    30   -0.132139   -0.040578   0.001132   88.079916   -1.054721   0.739713   999912.000000
7.750000    30   -0.132139   -0.040578   0.000247   88.079916   -1.054721   0.474038   999912.000000
8.000000    31   -0.165006   -0.034911   -0.084542   85.452908   -0.280826   72.743472   999876.000000
8.000000    31   -0.165006   -0.034911   0.038450   85.452908   -0.280826   10.134417   999876.000000
8.000000    31   -0.165006   -0.034911   -0.168789   85.452908   -0.280826   3.765286   999876.000000
8.000000    31   -0.165006   -0.034911   0.004107   85.452908   -0.280826   -2.366407   999876.000000
8.000000    31   -0.165006   -0.034911   0.058537   85.452908   -0.280826   -0.404903   999876.000000
8.000000    31   -0.165006   -0.034911   -0.024009   85.452908   -0.280826   0.628669   999876.000000
8.000000    31   -0.165006   -0.034911   -0.008707   85.452908   -0.280826   1.904861   999876.000000
8.000000    31   -0.165006   -0.034911   0.020541   85.452908   -0.280826   -1.342481   999876.000000
8.000000    31   -0.165006   -0.034911   0.004683   85.452908   -0.280826   0.439546   999876.000000
8.000000    31   -0.165006   -0.034911   0.000536   85.452908   -0.280826   0.201656   999876.000000
8.250000    32   -0.176366   -0.017254   -0.067602   85.496565   -1.393553   71.776811   999854.000000
8.250000    32   -0.176366   -0.017254   0.017803   85.496565   -1.393553   10.222331   999854.000000
8.250000    32   -0.176366   -0.017254   -0.200475   85.496565   -1.393553   4.278853   999854.000000
8.250000    32   -0.176366   -0.017254   0.003706   85.496565   -1.393553   -2.162441   999854.000000
8.250000    32   -0.176366   -0.017254   0.083720   85.496565   -1.393553   -0.740045   999854.000000
8.250000    32   -0.176366   -0.017254   -0.024245   85.496565   -1.393553   1.760235   999854.000000
8.250000    32   -0.176366   -0.017254   -0.010220   85.496565   -1.393553   0.413620   999854.000000
8.250000    32   -0.176366   -0.017254   0.019011   85.496565   -1.393553   -0.313129   999854.000000
8.250000    32   -0.176366   -0.017254   0.006825   85.496565   -1.393553   0.219010   999854.000000
8.250000    32   -0.176366   -0.017254   0.001059   85.496565   -1.393553   0.437101   999854.000000
8.500000    33   -0.184654   -0.035070   -0.024996   85.155357   -0.000605   70.940176   999808.000000
8.500000    33   -0.184654   -0.035070   -0.001658   85.155357   -0.000605   10.640654   999808.000000
8.500000    33   -0.184654   -0.035070   -0.234031   85.155357   -0.000605   3.028178   999808.000000
8.500000    33   -0.184654   -0.035070   -0.012282   85.155357   -0.000605   -1.664574   999808.000000
8.500000    33   -0.184654   -0.035070   0.094429   85.155357   -0.000605   0.476352   999808.000000
8.500000    33   -0.184654   -0.035070   -0.023141   85.155357   -0.000605   1.873091   999808.000000
8.500000    33   -0.184654   -0.035070   -0.002384   85.155357   -0.000605   -0.090309   999808.000000
8.500000    33   -0.184654   -0.035070   0.016328   85.155357   -0.000605   -0.898920   999808.000000
8.500000    33   -0.184654   -0.035070   0.014574   85.155357   -0.000605   0.665394   999808.000000
8.500000    33   -0.184654   -0.035070   0.001378   85.155357   -0.000605   0.228416   999808.000000
8.750000    34   -0.185402   -0.012929   0.045209   87.561602   -1.433411   70.641693   999766.000000
8.750000    34   -0.185402   -0.012929   -0.011397   87.561602   -1.433411   10.851474   999766.000000
8.750000    34   -0.185402   -0.012929   -0.278230   87.561602   -1.433411   3.754880   999766.000000
8.750000    34   -0.185402   -0.012929   -0.022504   87.561602   -1.433411   -2.446266   999766.000000
8.750000    34   -0.185402   -0.012929   0.114932   87.561602   -1.433411   1.169267   999766.000000
8.750000    34   -0.185402   -0.012929   -0.022588   87.561602   -1.433411   3.194432   999766.000000
8.750000    34   -0.185402   -0.012929   -0.000662   87.561602   -1.433411   -0.299009   999766.000000
8.750000    34   -0.185402   -0.012929   0.000765   87.561602   -1.433411   -1.463938   999766.000000
8.750000    34   -0.185402   -0.012929   0.023550   87.561602   -1.433411   1.820470   999766.000000
8.750000    34   -0.185402   -0.012929   -0.015778   87.561602   -1.433411   0.893326   999766.000000
9.000000    35   -0.167503   -0.046174   0.129682   84.551413   -2.638074   70.063899   999717.000000
9.000000    35   -0.167503   -0.046174   -0.027460   84.551413   -2.638074   11.700797   999717.000000
9.000000    35   -0.167503   -0.046174   -0.315178   84.551413   -2.638074   3.596940   999717.000000
9.000000    35   -0.167503   -0.046174   -0.024487   84.551413   -2.638074   -2.182851   999717.000000
9.000000    35   -0.167503   -0.046174   0.119354   84.551413   -2.638074   -0.867489   999717.000000
9.000000    35   -0.167503   -0.046174   -0.025041   84.551413   -2.638074   3.496136   999717.000000
9.000000    35   -0.167503   -0.046174   -0.009138   84.551413   -2.638074   -0.062486   999717.000000
9.000000    35   -0.167503   -0.046174   -0.011397   84.551413   -2.638074   -3.410696   999717.000000
9.000000    35   -0.167503   -0.046174   0.031361   84.551413   -2.638074   1.035683   999717.000000
9.000000    35   -0.167503   -0.046174   -0.010655   84.551413   -2.638074   0.699573   999717.000000
9.250000    36   -0.117555   -0.027621   0.222423   86.636663   -1.873879   69.861864   999661.000000
9.250000    36   -0.117555   -0.027621   -0.038191   86.636663   -1.873879   11.901855   999661.000000
9.250000    36   -0.117555   -0.027621   -0.345905   86.636663   -1.873879   3.034392   999661.000000
9.250000    36   -0.117555   -0.027621   -0.028412   86.636663   -1.873879   -3.213169   999661.000000
9.250000    36   -0.117555   -0.027621   0.112718   86.636663   -1.873879   0.570512   999661.000000
9.250000    36   -0.117555   -0.027621   -0.003310   86.636663   -1.873879   3.843459   999661.000000
9.250000    36   -0.117555   -0.027621   0.009033   86.636663   -1.873879   -0.021954   999661.000000
9.250000    36   -0.117555   -0.027621   -0.017231   86.636663   -1.873879   -2.875773   999661.000000
9.250000    36   -0.117555   -0.027621   0.000840   86.636663   -1.873879   0.849857   999661.000000
9.250000    36   -0.117555   -0.027621   -0.001502   86.636663   -1.873879   1.398089   999661.000000
9.500000    37   -0.060854   -0.056338   0.314476   88.456451   -0.256202   69.067380   999583.000000
9.500000    37   -0.060854   -0.056338   -0.059533   88.456451   -0.256202   12.387062   999583.000000
9.500000    37   -0.060854   -0.056338   -0.368705   88.456451   -0.256202   4.219055   999583.000000
9.500000    37   -0.060854   -0.056338   -0.025854   88.456451   -0.256202   -3.089223   999583.000000
9.500000    37   -0.060854   -0.056338   0.091837   88.456451   -0.256202   -2.254277   999583.000000
9.500000    37   -0.060854   -0.056338   0.025739   88.456451   -0.256202   4.309106   999583.000000
9.500000    37   -0.060854   -0.056338   0.005188   88.456451   -0.256202   1.652189   999583.000000
9.500000    37   -0.060854   -0.056338   -0.027797   88.456451   -0.256202   -2.462818   999583.000000
9.500000    37   -0.060854   -0.056338   0.013341   88.456451   -0.256202   3.186600   999583.000000
9.500000    37   -0.060854   -0.056338   -0.001674   88.456451   -0.256202   0.323842   999583.000000
9.750000    38   0.025158   -0.017267   0.400119   80.177907   0.888640   69.083753   999486.000000
9.750000    38   0.025158   -0.017267   -0.051869   80.177907   0.888640   12.078528   999486.000000
9.750000    38   0.025158   -0.017267   -0.370991   80.177907   0.888640   3.720111   999486.000000
9.750000    38   0.025158   -0.017267   -0.037993   80.177907   0.888640   -3.634235   999486.000000
9.750000    38   0.025158   -0.017267   0.092261   80.177907   0.888640   -2.304275   999486.000000
9.750000    38   0.025158   -0.017267   0.025301   80.177907   0.888640   1.995862   999486.000000
9.750000    38   0.025158   -0.017267   -0.001252   80.177907   0.888640   0.097164   999486.000000
9.750000    38   0.025158   -0.017267   -0.036496   80.177907   0.888640   -3.641890   999486.000000
9.750000    38   0.025158   -0.017267   0.000107   80.177907   0.888640   3.366799   999486.000000
9.750000    38   0.025158   -0.017267   0.001870   80.177907   0.888640   -1.713552   999486.000000
10.000000    39   0.106394   0.062393   0.472988   72.096130   -3.986485   68.867744   999388.000000
10.000000    39   0.106394   0.062393   -0.045530   72.096130   -3.986485   12.535115   999388.000000
10.000000    39   0.106394   0.062393   -0.382496   72.096130   -3.986485   2.071032   999388.000000
10.000000    39   0.106394   0.062393   -0.063521   72.096130   -3.986485   -3.648922   999388.000000
10.000000    39   0.106394   0.062393   0.112121   72.096130   -3.986485   -5.122408   999388.000000
10.000000    39   0.106394   0.062393   0.047416   72.096130   -3.986485   2.012032   999388.000000
10.000000    39   0.106394   0.062393   -0.001722   72.096130   -3.986485   -0.718696   999388.000000
10.000000    39   0.106394   0.062393   -0.034109   72.096130   -3.986485   -3.612068   999388.000000
10.000000    39   0.106394   0.062393   -0.011354   72.096130   -3.986485   1.282064   999388.000000
10.000000    39   0.106394   0.062393   0.005025   72.096130   -3.986485   -3.103804   999388.000000
10.250000    40   0.158311   0.013813   0.523957   76.293221   -0.222452   68.275977   999268.000000
10.250000    40   0.158311   0.013813   -0.041762   76.293221   -0.222452   12.418098   999268.000000
10.250000    40   0.158311   0.013813   -0.378893   76.293221   -0.222452   3.180668   999268.000000
10.250000    40   0.158311   0.013813   -0.051694   76.293221   -0.222452   -3.278157   999268.000000
10.250000    40   0.158311   0.013813   0.121908   76.293221   -0.222452   -3.086643   999268.000000
10.250000    40   0.158311   0.013813   0.050709   76.293221   -0.222452   1.182239   999268.000000
10.250000    40   0.158311   0.013813   -0.014566   76.293221   -0.222452   -0.759593   999268.000000
10.250000    40   0.158311   0.013813   -0.050268   76.293221   -0.222452   -4.323796   999268.000000
10.250000    40   0.158311   0.013813   0.000265   76.293221   -0.222452   0.773048   999268.000000
10.250000    40   0.158311   0.013813   -0.012721   76.293221   -0.222452   -1.673042   999268.000000
10.500000    41   0.181811   0.071888   0.552923   74.989670   5.318594   67.792748   999156.000000
10.500000    41   0.181811   0.071888   -0.040584   74.989670   5.318594   12.943190   999156.000000
10.500000    41   0.181811   0.071888   -0.389707   74.989670   5.318594   3.534426   999156.000000
10.500000    41   0.181811   0.071888   -0.056046   74.989670   5.318594   -2.794137   999156.000000
10.500000    41   0.181811   0.071888   0.128585   74.989670   5.318594   -5.011705   999156.000000
10.500000    41   0.181811   0.071888   0.001734   74.989670   5.318594   -0.014999   999156.000000
10.500000    41   0.181811   0.071888   0.002104   74.989670   5.318594   -2.349629   999156.000000
10.500000    41   0.181811   0.071888   -0.013906   74.989670   5.318594   -5.056028   999156.000000
10.500000    41   0.181811   0.071888   0.015249   74.989670   5.318594   3.662970   999156.000000
10.500000    41   0.181811   0.071888   -0.040829   74.989670   5.318594   -1.578909   999156.000000
10.750000    42   0.194608   0.017532   0.551369   77.361687   -3.551865   67.323763   999021.000000
10.750000    42   0.194608   0.017532   -0.022003   77.361687   -3.551865   13.339525   999021.000000
10.750000    42   0.194608   0.017532   -0.392393   77.361687   -3.551865   2.898363   999021.000000
10.750000    42   0.194608   0.017532   -0.057960   77.361687   -3.551865   -5.698263   999021.000000
10.750000    42   0.194608   0.017532   0.126741   77.361687   -3.551865   -5.325617   999021.000000
10.750000    42   0.194608   0.017532   -0.005263   77.361687   -3.551865   -0.881272   999021.000000
10.750000    42   0.194608   0.017532   0.014088   77.361687   -3.551865   3.138296   999021.000000
10.750000    42   0.194608   0.017532   -0.045917   77.361687   -3.551865   -5.824261   999021.000000
10.750000    42   0.194608   0.017532   0.028197   77.361687   -3.551865   7.180864   999021.000000
10.750000    42   0.194608   0.017532   -0.028225   77.361687   -3.551865   -4.060627   999021.000000
11.000000    43   0.221722   -0.005115   0.521818   81.348416   2.436871   66.685843   998843.000000
11.000000    43   0.221722   -0.005115   -0.009503   81.348416   2.436871   13.025979   998843.000000
11.000000    43   0.221722   -0.005115   -0.375325   81.348416   2.436871   -0.219120   998843.000000
11.000000    43   0.221722   -0.005115   -0.057698   81.348416   2.436871   -8.024734   998843.000000
11.000000    43   0.221722   -0.005115   0.122284   81.348416   2.436871   -1.308769   998843.000000
11.000000    43   0.221722   -0.005115   0.033325   81.348416   2.436871   -0.847821   998843.000000
11.000000    43   0.221722   -0.005115   -0.003322   81.348416   2.436871   1.696423   998843.000000
11.000000    43   0.221722   -0.005115   -0.039985   81.348416   2.436871   -4.349304   998843.000000
11.000000    43   0.221722   -0.005115   0.009039   81.348416   2.436871   14.965095   998843.000000
11.000000    43   0.221722   -0.005115   -0.018374   81.348416   2.436871   -6.721022   998843.000000
11.250000    44   0.200477   -0.113019   0.463587   86.213156   -0.083322   66.321553   998664.000000
11.250000    44   0.200477   -0.113019   0.018492   86.213156   -0.083322   13.257811   998664.000000
11.250000    44   0.200477   -0.113019   -0.330658   86.213156   -0.083322   -0.723800   998664.000000
11.250000    44   0.200477   -0.113019   -0.063781   86.213156   -0.083322   -7.683064   998664.000000
11.250000    44   0.200477   -0.113019   0.098589   86.213156   -0.083322   -1.693863   998664.000000
11.250000    44   0.200477   -0.113019   -0.063118   86.213156   -0.083322   -1.749749   998664.000000
11.250000    44   0.200477   -0.113019   -0.068662   86.213156   -0.083322   7.582341   998664.000000
11.250000    44   0.200477   -0.113019   -0.024398   86.213156   -0.083322   -5.151270   998664.000000
11.250000    44   0.200477   -0.113019   0.074201   86.213156   -0.083322   17.985437   998664.000000
11.250000    44   0.200477   -0.113019   0.007517   86.213156   -0.083322   -6.851377   998664.000000
11.500000    45   0.196710   -0.098003   0.389443   82.482061   -2.667992   66.128805   998477.000000
11.500000    45   0.196710   -0.098003   0.045720   82.482061   -2.667992   12.871110   998477.000000
11.500000    45   0.196710   -0.098003   -0.313760   82.482061   -2.667992   -2.187392   998477.000000
11.500000    45   0.196710   -0.098003   -0.055925   82.482061   -2.667992   -7.249085   998477.000000
11.500000    45   0.196710   -0.098003   0.033841   82.482061   -2.667992   0.570992   998477.000000
11.500000    45   0.196710   -0.098003   0.000536   82.482061   -2.667992   0.159510   998477.000000
11.500000    45   0.196710   -0.098003   -0.119620   82.482061   -2.667992   3.132633   998477.000000
11.500000    45   0.196710   -0.098003   0.025694   82.482061   -2.667992   -5.577610   998477.000000
11.500000    45   0.196710   -0.098003   0.093503   82.482061   -2.667992   14.411940   998477.000000
11.500000    45   0.196710   -0.098003   0.014229   82.482061   -2.667992   -5.315738   998477.000000
11.750000    46   0.204380   -0.033018   0.305525   80.646941   -9.966534   65.628002   998245.000000
11.750000    46   0.204380   -0.033018   0.042410   80.646941   -9.966534   13.275357   998245.000000
11.750000    46   0.204380   -0.033018   -0.286231   80.646941   -9.966534   -1.352881   998245.000000
11.750000    46   0.204380   -0.033018   0.014391   80.646941   -9.966534   -8.722369   998245.000000
11.750000    46   0.204380   -0.033018   -0.032531   80.646941   -9.966534   -11.494192   998245.000000
11.750000    46   0.204380   -0.033018   -0.017156   80.646941   -9.966534   2.768481   998245.000000
11.750000    46   0.204380   -0.033018   -0.071471   80.646941   -9.966534   5.038575   998245.000000
11.750000    46   0.204380   -0.033018   0.047234   80.646941   -9.966534   -2.751390   998245.000000
11.750000    46   0.204380   -0.033018   0.059875   80.646941   -9.966534   18.010914   998245.000000
11.750000    46   0.204380   -0.033018   0.078746   80.646941   -9.966534   -3.341506   998245.000000
12.000000    47   0.445120   0.115562   0.208406   127.553594   -2.565830   64.032911   997986.000000
12.000000    47   0.445120   0.115562   0.037716   127.553594   -2.565830   13.615811   997986.000000
12.000000    47   0.445120   0.115562   -0.238844   127.553594   -2.565830   -2.522635   997986.000000
12.000000    47   0.445120   0.115562   0.054855   127.553594   -2.565830   -10.280051   997986.000000
12.000000    47   0.445120   0.115562   0.032310   127.553594   -2.565830   4.883771   997986.000000
12.000000    47   0.445120   0.115562   0.120460   127.553594   -2.565830   6.216503   997986.000000
12.000000    47   0.445120   0.115562   -0.043646   127.553594   -2.565830   17.905200   997986.000000
12.000000    47   0.445120   0.115562   0.023482   127.553594   -2.565830   -0.034964   997986.000000
12.000000    47   0.445120   0.115562   0.062802   127.553594   -2.565830   25.322626   997986.000000
12.000000    47   0.445120   0.115562   0.087921   127.553594   -2.565830   3.237679   997986.000000
12.250000    48   0.342903   0.267743   0.122129   123.289775   12.036423   63.701350   997695.000000
12.250000    48   0.342903   0.267743   0.021695   123.289775   12.036423   13.683559   997695.000000
12.250000    48   0.342903   0.267743   -0.217526   123.289775   12.036423   -4.148557   997695.000000
12.250000    48   0.342903   0.267743   0.035937   123.289775   12.036423   -12.083094   997695.000000
12.250000    48   0.342903   0.267743   0.025775   123.289775   12.036423   6.330506   997695.000000
12.250000    48   0.342903   0.267743   0.127292   123.289775   12.036423   4.899433   997695.000000
12.250000    48   0.342903   0.267743   -0.051752   123.289775   12.036423   17.064063   997695.000000
12.250000    48   0.342903   0.267743   -0.019856   123.289775   12.036423   -1.798983   997695.000000
12.250000    48   0.342903   0.267743   0.098799   123.289775   12.036423   27.306494   997695.000000
12.250000    48   0.342903   0.267743   0.139388   123.289775   12.036423   2.074762   997695.000000
12.500000    49   0.338984   0.238048   0.040305   134.055205   31.962522   63.171582   997401.000000
12.500000    49   0.338984   0.238048   0.012187   134.055205   31.962522   14.284073   997401.000000
12.500000    49   0.338984   0.238048   -0.228136   134.055205   31.962522   -0.064112   997401.000000
12.500000    49   0.338984   0.238048   0.039101   134.055205   31.962522   -13.082426   997401.000000
12.500000    49   0.338984   0.238048   0.057035   134.055205   31.962522   9.122708   997401.000000
12.500000    49   0.338984   0.238048   0.052681   134.055205   31.962522   3.420693   997401.000000
12.500000    49   0.338984   0.238048   -0.055992   134.055205   31.962522   20.363372   997401.000000
12.500000    49   0.338984   0.238048   0.002178   134.055205   31.962522   3.229878   997401.000000
12.500000    49   0.338984   0.238048   0.139808   134.055205   31.962522   24.360367   997401.000000
12.500000    49   0.338984   0.238048   0.146060   134.055205   31.962522   6.050530   997401.000000
12.750000    50   0.403173   0.467119   -0.027183   125.917740   31.118943   62.544174   997076.000000
12.750000    50   0.403173   0.467119   -0.002854   125.917740   31.118943   14.763921   997076.000000
12.750000    50   0.403173   0.467119   -0.202998   125.917740   31.118943   1.045219   997076.000000
12.750000    50   0.403173   0.467119   -0.017450   125.917740   31.118943   -12.806513   997076.000000
12.750000    50   0.403173   0.467119   0.117946   125.917740   31.118943   3.546771   997076.000000
12.750000    50   0.403173   0.467119   -0.043353   125.917740   31.118943   13.216605   997076.000000
12.750000    50   0.403173   0.467119   0.056172   125.917740   31.118943   13.946178   997076.000000
12.750000    50   0.403173   0.467119   0.034723   125.917740   31.118943   6.032709   997076.000000
12.750000    50   0.403173   0.467119   0.146456   125.917740   31.118943   18.421525   997076.000000
12.750000    50   0.403173   0.467119   0.179718   125.917740   31.118943   4.289107   997076.000000
13.000000    51   0.556174   0.487095   -0.072599   76.766260   35.798366   61.395768   996699.000000
13.000000    51   0.556174   0.487095   -0.040231   76.766260   35.798366   14.926184   996699.000000
13.000000    51   0.556174   0.487095   -0.178730   76.766260   35.798366   1.383501   996699.000000
13.000000    51   0.556174   0.487095   -0.090996   76.766260   35.798366   -14.890502   996699.000000
13.000000    51   0.556174   0.487095   0.250758   76.766260   35.798366   4.081080   996699.000000
13.000000    51   0.556174   0.487095   0.042788   76.766260   35.798366   14.406332   996699.000000
13.000000    51   0.556174   0.487095   0.119522   76.766260   35.798366   3.618689   996699.000000
13.000000    51   0.556174   0.487095   -0.011915   76.766260   35.798366   0.459277   996699.000000
13.000000    51   0.556174   0.487095   0.261072   76.766260   35.798366   12.203703   996699.000000
13.000000    51   0.556174   0.487095   0.054203   76.766260   35.798366   -8.198894   996699.000000
13.250000    52   0.759634   0.451466   -0.085996   68.192587   29.952700   61.024887   996299.000000
13.250000    52   0.759634   0.451466   -0.079991   68.192587   29.952700   15.185617   996299.000000
13.250000    52   0.759634   0.451466   -0.214041   68.192587   29.952700   3.192761   996299.000000
13.250000    52   0.759634   0.451466   -0.047629   68.192587   29.952700   -13.056462   996299.000000
13.250000    52   0.759634   0.451466   0.249954   68.192587   29.952700   14.467303   996299.000000
13.250000    52   0.759634   0.451466   0.051880   68.192587   29.952700   14.752134   996299.000000
13.250000    52   0.759634   0.451466   0.276029   68.192587   29.952700   7.322875   996299.000000
13.250000    52   0.759634   0.451466   0.022399   68.192587   29.952700   -10.328991   996299.000000
13.250000    52   0.759634   0.451466   0.243808   68.192587   29.952700   15.260445   996299.000000
13.250000    52   0.759634   0.451466   0.052443   68.192587   29.952700   -19.643228   996299.000000
13.500000    53   0.686288   0.652304   -0.079123   59.453926   36.513371   60.885489   995875.000000
13.500000    53   0.686288   0.652304   -0.098855   59.453926   36.513371   16.038949   995875.000000
13.500000    53   0.686288   0.652304   -0.244341   59.453926   36.513371   3.856793   995875.000000
13.500000    53   0.686288   0.652304   -0.122855   59.453926   36.513371   -16.405467   995875.000000
13.500000    53   0.686288   0.652304   0.260887   59.453926   36.513371   2.372735   995875.000000
13.500000    53   0.686288   0.652304   0.158697   59.453926   36.513371   20.669685   995875.000000
13.500000    53   0.686288   0.652304   0.328469   59.453926   36.513371   3.039721   995875.000000
13.500000    53   0.686288   0.652304   0.034457   59.453926   36.513371   4.095538   995875.000000
13.500000    53   0.686288   0.652304   0.111965   59.453926   36.513371   5.215400   995875.000000
13.500000    53   0.686288   0.652304   0.095060   59.453926   36.513371   -20.423124   995875.000000
13.750000    54   0.418012   0.657950   -0.046170   56.511714   21.887036   60.807660   995404.000000
13.750000    54   0.418012   0.657950   -0.087875   56.511714   21.887036   16.648709   995404.000000
13.750000    54   0.418012   0.657950   -0.262274   56.511714   21.887036   4.443390   995404.000000
13.750000    54   0.418012   0.657950   -0.072719   56.511714   21.887036   -13.746181   995404.000000
13.750000    54   0.418012   0.657950   0.293704   56.511714   21.887036   0.883754   995404.000000
13.750000    54   0.418012   0.657950   0.128279   56.511714   21.887036   22.929729   995404.000000
13.750000    54   0.418012   0.657950   0.158023   56.511714   21.887036   17.154997   995404.000000
13.750000    54   0.418012   0.657950   0.162060   56.511714   21.887036   -8.115306   995404.000000
13.750000    54   0.418012   0.657950   0.069255   56.511714   21.887036   3.079785   995404.000000
13.750000    54   0.418012   0.657950   -0.031833   56.511714   21.887036   -16.390836   995404.000000
14.000000    55   0.358920   0.633064   0.011982   56.391807   51.758275   60.934686   994913.000000
14.000000    55   0.358920   0.633064   -0.119092   56.391807   51.758275   16.902933   994913.000000
14.000000    55   0.358920   0.633064   -0.314590   56.391807   51.758275   2.567474   994913.000000
14.000000    55   0.358920   0.633064   -0.055236   56.391807   51.758275   -12.423841   994913.000000
14.000000    55   0.358920   0.633064   0.302550   56.391807   51.758275   5.339266   994913.000000
14.000000    55   0.358920   0.633064   0.023314   56.391807   51.758275   9.493451   994913.000000
14.000000    55   0.358920   0.633064   0.226327   56.391807   51.758275   8.489498   994913.000000
14.000000    55   0.358920   0.633064   0.142624   56.391807   51.758275   15.276046   994913.000000
14.000000    55   0.358920   0.633064   0.193540   56.391807   51.758275   7.911994   994913.000000
14.000000    55   0.358920   0.633064   -0.105699   56.391807   51.758275   -19.951559   994913.000000
14.250000    56   0.163110   0.504985   0.084724   65.863801   62.269403   61.381535   994403.000000
14.250000    56   0.163110   0.504985   -0.101754   65.863801   62.269403   16.759889   994403.000000
14.250000    56   0.163110   0.504985   -0.317822   65.863801   62.269403   3.203869   994403.000000
14.250000    56   0.163110   0.504985   -0.032992   65.863801   62.269403   -10.678535   994403.000000
14.250000    56   0.163110   0.504985   0.203753   65.863801   62.269403   4.577059   994403.000000
14.250000    56   0.163110   0.504985   -0.020466   65.863801   62.269403   7.160481   994403.000000
14.250000    56   0.163110   0.504985   0.264556   65.863801   62.269403   9.158651   994403.000000
14.250000    56   0.163110   0.504985   0.146248   65.863801   62.269403   10.745216   994403.000000
14.250000    56   0.163110   0.504985   0.120031   65.863801   62.269403   16.436076   994403.000000
14.250000    56   0.163110   0.504985   -0.223021   65.863801   62.269403   -10.045681   994403.000000
14.500000    57   0.401988   0.357881   0.169423   70.249752   78.581279   60.458043   993819.000000
14.500000    57   0.401988   0.357881   -0.114731   70.249752   78.581279   18.320211   993819.000000
14.500000    57   0.401988   0.357881   -0.349759   70.249752   78.581279   5.327911   993819.000000
14.500000    57   0.401988   0.357881   -0.030058   70.249752   78.581279   -9.306266   993819.000000
14.500000    57   0.401988   0.357881   0.239795   70.249752   78.581279   0.538587   993819.000000
14.500000    57   0.401988   0.357881   0.025930   70.249752   78.581279   5.257036   993819.000000
14.500000    57   0.401988   0.357881   0.256536   70.249752   78.581279   8.644117   993819.000000
14.500000    57   0.401988   0.357881   0.171172   70.249752   78.581279   16.504148   993819.000000
14.500000    57   0.401988   0.357881   -0.020826   70.249752   78.581279   20.033006   993819.000000
14.500000    57   0.401988   0.357881   -0.188926   70.249752   78.581279   -14.604893   993819.000000
14.750000    58   0.056159   0.496381   0.255258   78.187708   38.835013   60.963670   993224.000000
14.750000    58   0.056159   0.496381   -0.128575   78.187708   38.835013   18.521542   993224.000000
14.750000    58   0.056159   0.496381   -0.419228   78.187708   38.835013   4.281310   993224.000000
14.750000    58   0.056159   0.496381   0.054975   78.187708   38.835013   -10.505451   993224.000000
14.750000    58   0.056159   0.496381   0.236323   78.187708   38.835013   -22.259950   993224.000000
14.750000    58   0.056159   0.496381   0.105726   78.187708   38.835013   -8.581295   993224.000000
14.750000    58   0.056159   0.496381   0.111660   78.187708   38.835013   13.358844   993224.000000
14.750000    58   0.056159   0.496381   0.117040   78.187708   38.835013   34.991652   993224.000000
14.750000    58   0.056159   0.496381   -0.176267   78.187708   38.835013   37.614346   993224.000000
14.750000    58   0.056159   0.496381   -0.331968   78.187708   38.835013   -0.717258   993224.000000
15.000000    59   -0.009641   0.108592   0.334545   92.039421   11.914947   60.885559   992556.000000
15.000000    59   -0.009641   0.108592   -0.159416   92.039421   11.914947   19.146446   992556.000000
15.000000    59   -0.009641   0.108592   -0.414545   92.039421   11.914947   5.615013   992556.000000
15.000000    59   -0.009641   0.108592   0.168918   92.039421   11.914947   -12.063090   992556.000000
15.000000    59   -0.009641   0.108592   0.355355   92.039421   11.914947   -17.348378   992556.000000
15.000000    59   -0.009641   0.108592   -0.010869   92.039421   11.914947   -6.545482   992556.000000
15.000000    59   -0.009641   0.108592   -0.143906   92.039421   11.914947   28.436073   992556.000000
15.000000    59   -0.009641   0.108592   0.223506   92.039421   11.914947   37.289978   992556.000000
15.000000    59   -0.009641   0.108592   -0.031362   92.039421   11.914947   13.449361   992556.000000
15.000000    59   -0.009641   0.108592   -0.467273   92.039421   11.914947   16.173252   992556.000000
Number of threads was 1
