dt 0.050000 T 15.000000 Nsample 1000000
Time   abszsum1   argzsum1   realsum   habszsum1   hargzsum1   hrealsum   a
0.250000    0   0.980545   0.000129   0.963490   85.801436   -0.007918   85.355504   1000000.000000
0.250000    0   0.980545   0.000129   0.015568   85.801436   -0.007918   0.280531   1000000.000000
0.250000    0   0.980545   0.000129   0.000000   85.801436   -0.007918   0.000000   1000000.000000
0.250000    0   0.980545   0.000129   0.000000   85.801436   -0.007918   0.000000   1000000.000000
0.250000    0   0.980545   0.000129   0.000000   85.801436   -0.007918   0.000000   1000000.000000
0.250000    0   0.980545   0.000129   0.000000   85.801436   -0.007918   0.000000   1000000.000000
0.250000    0   0.980545   0.000129   0.000000   85.801436   -0.007918   0.000000   1000000.000000
0.250000    0   0.980545   0.000129   0.000000   85.801436   -0.007918   0.000000   1000000.000000
0.250000    0   0.980545   0.000129   0.000000   85.801436   -0.007918   0.000000   1000000.000000
0.250000    0   0.980545   0.000129   0.000000   85.801436   -0.007918   0.000000   1000000.000000
0.500000    1   0.922856   0.000043   0.872104   85.599350   -0.017545   84.933343   1000000.000000
0.500000    1   0.922856   0.000043   0.063650   85.599350   -0.017545   0.487169   1000000.000000
0.500000    1   0.922856   0.000043   -0.014182   85.599350   -0.017545   0.049988   1000000.000000
0.500000    1   0.922856   0.000043   0.000000   85.599350   -0.017545   0.000000   1000000.000000
0.500000    1   0.922856   0.000043   0.000000   85.599350   -0.017545   0.000000   1000000.000000
0.500000    1   0.922856   0.000043   0.000000   85.599350   -0.017545   0.000000   1000000.000000
0.500000    1   0.922856   0.000043   0.000000   85.599350   -0.017545   0.000000   1000000.000000
0.500000    1   0.922856   0.000043   0.000000   85.599350   -0.017545   0.000000   1000000.000000
0.500000    1   0.922856   0.000043   0.000000   85.599350   -0.017545   0.000000   1000000.000000
0.500000    1   0.922856   0.000043   0.000000   85.599350   -0.017545   0.000000   1000000.000000
0.750000    2   0.831880   -0.000076   0.738879   85.376724   0.004379   84.424448   1000000.000000
0.750000    2   0.831880   -0.000076   0.123113   85.376724   0.004379   0.734161   1000000.000000
0.750000    2   0.831880   -0.000076   -0.029443   85.376724   0.004379   0.153330   1000000.000000
0.750000    2   0.831880   -0.000076   -0.001608   85.376724   0.004379   -0.000601   1000000.000000
0.750000    2   0.831880   -0.000076   0.000000   85.376724   0.004379   0.000000   1000000.000000
0.750000    2   0.831880   -0.000076   0.000000   85.376724   0.004379   0.000000   1000000.000000
0.750000    2   0.831880   -0.000076   0.000000   85.376724   0.004379   0.000000   1000000.000000
0.750000    2   0.831880   -0.000076   0.000000   85.376724   0.004379   0.000000   1000000.000000
0.750000    2   0.831880   -0.000076   0.000000   85.376724   0.004379   0.000000   1000000.000000
0.750000    2   0.831880   -0.000076   0.000000   85.376724   0.004379   0.000000   1000000.000000
1.000000    3   0.716284   -0.000082   0.582625   85.244728   0.029866   83.987624   1000000.000000
1.000000    3   0.716284   -0.000082   0.174957   85.244728   0.029866   1.006386   1000000.000000
1.000000    3   0.716284   -0.000082   -0.037550   85.244728   0.029866   0.195596   1000000.000000
1.000000    3   0.716284   -0.000082   -0.004580   85.244728   0.029866   0.007231   1000000.000000
1.000000    3   0.716284   -0.000082   0.000166   85.244728   0.029866   -0.006275   1000000.000000
1.000000    3   0.716284   -0.000082   0.000000   85.244728   0.029866   0.000000   1000000.000000
1.000000    3   0.716284   -0.000082   0.000000   85.244728   0.029866   0.000000   1000000.000000
1.000000    3   0.716284   -0.000082   0.000000   85.244728   0.029866   0.000000   1000000.000000
1.000000    3   0.716284   -0.000082   0.000000   85.244728   0.029866   0.000000   1000000.000000
1.000000    3   0.716284   -0.000082   0.000000   85.244728   0.029866   0.000000   1000000.000000
1.250000    4   0.584166   -0.000278   0.418265   85.201361   0.001313   83.513675   1000000.000000
1.250000    4   0.584166   -0.000278   0.209945   85.201361   0.001313   1.228300   1000000.000000
1.250000    4   0.584166   -0.000278   -0.037731   85.201361   0.001313   0.396730   1000000.000000
1.250000    4   0.584166   -0.000278   -0.006950   85.201361   0.001313   -0.000560   1000000.000000
1.250000    4   0.584166   -0.000278   0.000330   85.201361   0.001313   0.009169   1000000.000000
1.250000    4   0.584166   -0.000278   0.000010   85.201361   0.001313   -0.000347   1000000.000000
1.250000    4   0.584166   -0.000278   0.000000   85.201361   0.001313   0.000000   1000000.000000
1.250000    4   0.584166   -0.000278   0.000000   85.201361   0.001313   0.000000   1000000.000000
1.250000    4   0.584166   -0.000278   0.000000   85.201361   0.001313   0.000000   1000000.000000
1.250000    4   0.584166   -0.000278   0.000000   85.201361   0.001313   0.000000   1000000.000000
1.500000    5   0.445229   0.001002   0.260577   85.072125   -0.030270   83.036563   1000000.000000
1.500000    5   0.445229   0.001002   0.221930   85.072125   -0.030270   1.430147   1000000.000000
1.500000    5   0.445229   0.001002   -0.030419   85.072125   -0.030270   0.528784   1000000.000000
1.500000    5   0.445229   0.001002   -0.007514   85.072125   -0.030270   -0.007477   1000000.000000
1.500000    5   0.445229   0.001002   0.000414   85.072125   -0.030270   0.029118   1000000.000000
1.500000    5   0.445229   0.001002   0.000015   85.072125   -0.030270   0.006051   1000000.000000
1.500000    5   0.445229   0.001002   -0.000009   85.072125   -0.030270   -0.001642   1000000.000000
1.500000    5   0.445229   0.001002   0.000000   85.072125   -0.030270   0.000000   1000000.000000
1.500000    5   0.445229   0.001002   0.000000   85.072125   -0.030270   0.000000   1000000.000000
1.500000    5   0.445229   0.001002   0.000000   85.072125   -0.030270   0.000000   1000000.000000
1.750000    6   0.309429   0.000861   0.121943   85.217913   0.039711   82.787315   1000000.000000
1.750000    6   0.309429   0.000861   0.212879   85.217913   0.039711   1.651305   1000000.000000
1.750000    6   0.309429   0.000861   -0.019400   85.217913   0.039711   0.696415   1000000.000000
1.750000    6   0.309429   0.000861   -0.007053   85.217913   0.039711   -0.009951   1000000.000000
1.750000    6   0.309429   0.000861   0.000996   85.217913   0.039711   0.035005   1000000.000000
1.750000    6   0.309429   0.000861   -0.000040   85.217913   0.039711   0.006548   1000000.000000
1.750000    6   0.309429   0.000861   0.000026   85.217913   0.039711   0.001413   1000000.000000
1.750000    6   0.309429   0.000861   0.000000   85.217913   0.039711   0.000000   1000000.000000
1.750000    6   0.309429   0.000861   0.000000   85.217913   0.039711   0.000000   1000000.000000
1.750000    6   0.309429   0.000861   0.000000   85.217913   0.039711   0.000000   1000000.000000
2.000000    7   0.186227   0.001619   0.008040   85.016654   -0.067347   82.229552   1000000.000000
2.000000    7   0.186227   0.001619   0.187691   85.016654   -0.067347   1.930271   1000000.000000
2.000000    7   0.186227   0.001619   -0.006186   85.016654   -0.067347   0.825639   1000000.000000
2.000000    7   0.186227   0.001619   -0.005286   85.016654   -0.067347   -0.033663   1000000.000000
2.000000    7   0.186227   0.001619   0.001749   85.016654   -0.067347   0.003090   1000000.000000
2.000000    7   0.186227   0.001619   -0.000048   85.016654   -0.067347   0.018413   1000000.000000
2.000000    7   0.186227   0.001619   0.000086   85.016654   -0.067347   -0.000556   1000000.000000
2.000000    7   0.186227   0.001619   0.000010   85.016654   -0.067347   -0.000987   1000000.000000
2.000000    7   0.186227   0.001619   0.000000   85.016654   -0.067347   0.000000   1000000.000000
2.000000    7   0.186227   0.001619   0.000000   85.016654   -0.067347   0.000000   1000000.000000
2.250000    8   0.083683   0.001384   -0.073302   85.020546   -0.002427   81.883683   1000000.000000
2.250000    8   0.083683   0.001384   0.154131   85.020546   -0.002427   2.167292   1000000.000000
2.250000    8   0.083683   0.001384   0.004180   85.020546   -0.002427   0.835557   1000000.000000
2.250000    8   0.083683   0.001384   -0.003365   85.020546   -0.002427   0.049893   1000000.000000
2.250000    8   0.083683   0.001384   0.002313   85.020546   -0.002427   0.031693   1000000.000000
2.250000    8   0.083683   0.001384   -0.000387   85.020546   -0.002427   0.021310   1000000.000000
2.250000    8   0.083683   0.001384   0.000130   85.020546   -0.002427   -0.010166   1000000.000000
2.250000    8   0.083683   0.001384   -0.000003   85.020546   -0.002427   -0.000626   1000000.000000
2.250000    8   0.083683   0.001384   0.000000   85.020546   -0.002427   0.000000   1000000.000000
2.250000    8   0.083683   0.001384   0.000000   85.020546   -0.002427   0.000000   1000000.000000
2.500000    9   0.009461   0.000862   -0.119570   84.897196   0.110358   81.427056   1000000.000000
2.500000    9   0.009461   0.000862   0.117615   84.897196   0.110358   2.420395   1000000.000000
2.500000    9   0.009461   0.000862   0.007964   84.897196   0.110358   1.055591   1000000.000000
2.500000    9   0.009461   0.000862   0.000633   84.897196   0.110358   0.043700   1000000.000000
2.500000    9   0.009461   0.000862   0.002936   84.897196   0.110358   -0.088644   1000000.000000
2.500000    9   0.009461   0.000862   -0.000437   84.897196   0.110358   0.037876   1000000.000000
2.500000    9   0.009461   0.000862   0.000264   84.897196   0.110358   -0.038452   1000000.000000
2.500000    9   0.009461   0.000862   0.000047   84.897196   0.110358   0.000494   1000000.000000
2.500000    9   0.009461   0.000862   -0.000008   84.897196   0.110358   -0.001004   1000000.000000
2.500000    9   0.009461   0.000862   0.000000   84.897196   0.110358   0.000000   1000000.000000
2.750000    10   -0.034293   -0.002108   -0.128533   84.874410   0.025995   81.059474   1000000.000000
2.750000    10   -0.034293   -0.002108   0.083006   84.874410   0.025995   2.898195   1000000.000000
2.750000    10   -0.034293   -0.002108   0.002696   84.874410   0.025995   1.013281   1000000.000000
2.750000    10   -0.034293   -0.002108   0.003847   84.874410   0.025995   0.011370   1000000.000000
2.750000    10   -0.034293   -0.002108   0.005342   84.874410   0.025995   -0.132453   1000000.000000
2.750000    10   -0.034293   -0.002108   -0.000605   84.874410   0.025995   0.030785   1000000.000000
2.750000    10   -0.034293   -0.002108   0.000174   84.874410   0.025995   -0.039653   1000000.000000
2.750000    10   -0.034293   -0.002108   0.000030   84.874410   0.025995   -0.001830   1000000.000000
2.750000    10   -0.034293   -0.002108   -0.000008   84.874410   0.025995   -0.000530   1000000.000000
2.750000    10   -0.034293   -0.002108   0.000000   84.874410   0.025995   0.000000   1000000.000000
3.000000    11   -0.047232   -0.003397   -0.099746   85.040137   0.237267   80.715451   1000000.000000
3.000000    11   -0.047232   -0.003397   0.053324   85.040137   0.237267   3.455710   1000000.000000
3.000000    11   -0.047232   -0.003397   -0.012485   85.040137   0.237267   1.009067   1000000.000000
3.000000    11   -0.047232   -0.003397   0.005601   85.040137   0.237267   0.011490   1000000.000000
3.000000    11   -0.047232   -0.003397   0.006896   85.040137   0.237267   -0.185373   1000000.000000
3.000000    11   -0.047232   -0.003397   -0.000898   85.040137   0.237267   0.081867   1000000.000000
3.000000    11   -0.047232   -0.003397   0.000090   85.040137   0.237267   -0.074485   1000000.000000
3.000000    11   -0.047232   -0.003397   0.000030   85.040137   0.237267   -0.008108   1000000.000000
3.000000    11   -0.047232   -0.003397   -0.000018   85.040137   0.237267   -0.000184   1000000.000000
3.000000    11   -0.047232   -0.003397   0.000000   85.040137   0.237267   0.000000   1000000.000000
3.250000    12   -0.027846   -0.006450   -0.039871   85.298308   0.218540   80.188608   1000000.000000
3.250000    12   -0.027846   -0.006450   0.029316   85.298308   0.218540   3.937173   1000000.000000
3.250000    12   -0.027846   -0.006450   -0.034587   85.298308   0.218540   1.296913   1000000.000000
3.250000    12   -0.027846   -0.006450   0.007915   85.298308   0.218540   0.012751   1000000.000000
3.250000    12   -0.027846   -0.006450   0.009614   85.298308   0.218540   -0.210260   1000000.000000
3.250000    12   -0.027846   -0.006450   -0.000266   85.298308   0.218540   0.062354   1000000.000000
3.250000    12   -0.027846   -0.006450   -0.000048   85.298308   0.218540   -0.054497   1000000.000000
3.250000    12   -0.027846   -0.006450   -0.000090   85.298308   0.218540   0.016981   1000000.000000
3.250000    12   -0.027846   -0.006450   0.000122   85.298308   0.218540   0.006372   1000000.000000
3.250000    12   -0.027846   -0.006450   -0.000004   85.298308   0.218540   0.001419   1000000.000000
3.500000    13   0.016674   -0.005971   0.048123   85.433567   0.665065   79.720669   1000000.000000
3.500000    13   0.016674   -0.005971   0.012877   85.433567   0.665065   4.354387   1000000.000000
3.500000    13   0.016674   -0.005971   -0.064730   85.433567   0.665065   1.600245   1000000.000000
3.500000    13   0.016674   -0.005971   0.007017   85.433567   0.665065   -0.195043   1000000.000000
3.500000    13   0.016674   -0.005971   0.013515   85.433567   0.665065   -0.246896   1000000.000000
3.500000    13   0.016674   -0.005971   -0.000272   85.433567   0.665065   0.107495   1000000.000000
3.500000    13   0.016674   -0.005971   0.000279   85.433567   0.665065   0.012198   1000000.000000
3.500000    13   0.016674   -0.005971   -0.000236   85.433567   0.665065   0.032365   1000000.000000
3.500000    13   0.016674   -0.005971   0.000145   85.433567   0.665065   0.003160   1000000.000000
3.500000    13   0.016674   -0.005971   -0.000041   85.433567   0.665065   0.001178   1000000.000000
3.750000    14   0.081257   -0.007808   0.157234   85.300214   0.449328   79.261428   1000000.000000
3.750000    14   0.081257   -0.007808   -0.000911   85.300214   0.449328   4.947708   1000000.000000
3.750000    14   0.081257   -0.007808   -0.095976   85.300214   0.449328   1.343934   1000000.000000
3.750000    14   0.081257   -0.007808   0.005017   85.300214   0.449328   -0.303612   1000000.000000
3.750000    14   0.081257   -0.007808   0.017090   85.300214   0.449328   -0.130393   1000000.000000
3.750000    14   0.081257   -0.007808   -0.001298   85.300214   0.449328   0.023148   1000000.000000
3.750000    14   0.081257   -0.007808   0.000065   85.300214   0.449328   0.078207   1000000.000000
3.750000    14   0.081257   -0.007808   -0.000077   85.300214   0.449328   0.028096   1000000.000000
3.750000    14   0.081257   -0.007808   -0.000012   85.300214   0.449328   0.002999   1000000.000000
3.750000    14   0.081257   -0.007808   -0.000020   85.300214   0.449328   0.001353   1000000.000000
4.000000    15   0.162249   -0.004635   0.276770   85.106206   0.610404   78.712088   1000000.000000
4.000000    15   0.162249   -0.004635   -0.009715   85.106206   0.610404   5.562817   1000000.000000
4.000000    15   0.162249   -0.004635   -0.125825   85.106206   0.610404   1.425839   1000000.000000
4.000000    15   0.162249   -0.004635   0.001286   85.106206   0.610404   -0.126028   1000000.000000
4.000000    15   0.162249   -0.004635   0.018702   85.106206   0.610404   -0.498941   1000000.000000
4.000000    15   0.162249   -0.004635   0.000531   85.106206   0.610404   -0.113355   1000000.000000
4.000000    15   0.162249   -0.004635   0.000312   85.106206   0.610404   0.025195   1000000.000000
4.000000    15   0.162249   -0.004635   -0.000265   85.106206   0.610404   0.075210   1000000.000000
4.000000    15   0.162249   -0.004635   0.000369   85.106206   0.610404   0.005484   1000000.000000
4.000000    15   0.162249   -0.004635   0.000038   85.106206   0.610404   -0.004547   1000000.000000
4.250000    16   0.251447   -0.010895   0.394847   85.366160   0.879985   78.369878   1000000.000000
4.250000    16   0.251447   -0.010895   -0.011825   85.366160   0.879985   6.040767   1000000.000000
4.250000    16   0.251447   -0.010895   -0.152348   85.366160   0.879985   1.583520   1000000.000000
4.250000    16   0.251447   -0.010895   -0.002760   85.366160   0.879985   -0.124740   1000000.000000
4.250000    16   0.251447   -0.010895   0.022480   85.366160   0.879985   -0.688156   1000000.000000
4.250000    16   0.251447   -0.010895   0.001155   85.366160   0.879985   -0.086161   1000000.000000
4.250000    16   0.251447   -0.010895   0.000049   85.366160   0.879985   0.072188   1000000.000000
4.250000    16   0.251447   -0.010895   -0.000426   85.366160   0.879985   0.101739   1000000.000000
4.250000    16   0.251447   -0.010895   0.000225   85.366160   0.879985   0.074757   1000000.000000
4.250000    16   0.251447   -0.010895   0.000145   85.366160   0.879985   -0.007055   1000000.000000
4.500000    17   0.329084   -0.006298   0.499415   85.515579   0.596673   77.947036   1000000.000000
4.500000    17   0.329084   -0.006298   -0.007997   85.515579   0.596673   6.570336   1000000.000000
4.500000    17   0.329084   -0.006298   -0.179774   85.515579   0.596673   1.702369   1000000.000000
4.500000    17   0.329084   -0.006298   -0.010787   85.515579   0.596673   -0.132957   1000000.000000
4.500000    17   0.329084   -0.006298   0.025146   85.515579   0.596673   -0.875523   1000000.000000
4.500000    17   0.329084   -0.006298   0.004253   85.515579   0.596673   -0.133680   1000000.000000
4.500000    17   0.329084   -0.006298   -0.001842   85.515579   0.596673   0.218016   1000000.000000
4.500000    17   0.329084   -0.006298   0.000346   85.515579   0.596673   0.087486   1000000.000000
4.500000    17   0.329084   -0.006298   -0.000741   85.515579   0.596673   0.064799   1000000.000000
4.500000    17   0.329084   -0.006298   0.001037   85.515579   0.596673   0.062363   1000000.000000
4.750000    18   0.399278   -0.007294   0.581681   86.076156   0.369348   77.618805   1000000.000000
4.750000    18   0.399278   -0.007294   0.004001   86.076156   0.369348   6.958661   1000000.000000
4.750000    18   0.399278   -0.007294   -0.202363   86.076156   0.369348   1.714567   1000000.000000
4.750000    18   0.399278   -0.007294   -0.015998   86.076156   0.369348   -0.132928   1000000.000000
4.750000    18   0.399278   -0.007294   0.028054   86.076156   0.369348   -0.707278   1000000.000000
4.750000    18   0.399278   -0.007294   0.006368   86.076156   0.369348   0.053588   1000000.000000
4.750000    18   0.399278   -0.007294   -0.002760   86.076156   0.369348   0.247719   1000000.000000
4.750000    18   0.399278   -0.007294   0.000316   86.076156   0.369348   0.075454   1000000.000000
4.750000    18   0.399278   -0.007294   -0.000347   86.076156   0.369348   0.129393   1000000.000000
4.750000    18   0.399278   -0.007294   0.000479   86.076156   0.369348   0.046991   1000000.000000
5.000000    19   0.450695   0.002353   0.636155   85.842090   0.902348   77.089937   999998.000000
5.000000    19   0.450695   0.002353   0.026267   85.842090   0.902348   7.203997   999998.000000
5.000000    19   0.450695   0.002353   -0.219433   85.842090   0.902348   2.231903   999998.000000
5.000000    19   0.450695   0.002353   -0.028190   85.842090   0.902348   -0.420658   999998.000000
5.000000    19   0.450695   0.002353   0.031620   85.842090   0.902348   -0.922867   999998.000000
5.000000    19   0.450695   0.002353   0.007118   85.842090   0.902348   0.193433   999998.000000
5.000000    19   0.450695   0.002353   -0.003568   85.842090   0.902348   0.204842   999998.000000
5.000000    19   0.450695   0.002353   0.001292   85.842090   0.902348   0.194383   999998.000000
5.000000    19   0.450695   0.002353   -0.000366   85.842090   0.902348   0.126310   999998.000000
5.000000    19   0.450695   0.002353   -0.000440   85.842090   0.902348   -0.028682   999998.000000
5.250000    20   0.476542   -0.000936   0.657241   84.942699   1.095917   76.583061   999998.000000
5.250000    20   0.476542   -0.000936   0.049223   84.942699   1.095917   7.479065   999998.000000
5.250000    20   0.476542   -0.000936   -0.231314   84.942699   1.095917   2.232963   999998.000000
5.250000    20   0.476542   -0.000936   -0.036538   84.942699   1.095917   -0.547295   999998.000000
5.250000    20   0.476542   -0.000936   0.035170   84.942699   1.095917   -1.596992   999998.000000
5.250000    20   0.476542   -0.000936   0.005994   84.942699   1.095917   0.430475   999998.000000
5.250000    20   0.476542   -0.000936   -0.003689   84.942699   1.095917   0.122741   999998.000000
5.250000    20   0.476542   -0.000936   0.001439   84.942699   1.095917   0.203389   999998.000000
5.250000    20   0.476542   -0.000936   -0.000790   84.942699   1.095917   0.029891   999998.000000
5.250000    20   0.476542   -0.000936   -0.000433   84.942699   1.095917   0.031176   999998.000000
5.500000    21   0.487021   0.005859   0.645440   85.244761   1.260737   76.287114   999994.000000
5.500000    21   0.487021   0.005859   0.071484   85.244761   1.260737   7.808706   999994.000000
5.500000    21   0.487021   0.005859   -0.229295   85.244761   1.260737   2.333458   999994.000000
5.500000    21   0.487021   0.005859   -0.042410   85.244761   1.260737   -0.801361   999994.000000
5.500000    21   0.487021   0.005859   0.034728   85.244761   1.260737   -1.341776   999994.000000
5.500000    21   0.487021   0.005859   0.008103   85.244761   1.260737   0.508011   999994.000000
5.500000    21   0.487021   0.005859   -0.002933   85.244761   1.260737   0.092853   999994.000000
5.500000    21   0.487021   0.005859   0.003771   85.244761   1.260737   0.264671   999994.000000
5.500000    21   0.487021   0.005859   -0.001248   85.244761   1.260737   0.093138   999994.000000
5.500000    21   0.487021   0.005859   -0.001117   85.244761   1.260737   0.033239   999994.000000
5.750000    22   0.448047   0.018358   0.603155   85.887458   1.312099   75.678931   999992.000000
5.750000    22   0.448047   0.018358   0.089161   85.887458   1.312099   8.061615   999992.000000
5.750000    22   0.448047   0.018358   -0.221380   85.887458   1.312099   2.951629   999992.000000
5.750000    22   0.448047   0.018358   -0.050072   85.887458   1.312099   -0.555691   999992.000000
5.750000    22   0.448047   0.018358   0.024114   85.887458   1.312099   -1.467488   999992.000000
5.750000    22   0.448047   0.018358   0.005720   85.887458   1.312099   0.398525   999992.000000
5.750000    22   0.448047   0.018358   -0.001088   85.887458   1.312099   0.448965   999992.000000
5.750000    22   0.448047   0.018358   0.001753   85.887458   1.312099   0.225940   999992.000000
5.750000    22   0.448047   0.018358   -0.003512   85.887458   1.312099   0.106799   999992.000000
5.750000    22   0.448047   0.018358   -0.000899   85.887458   1.312099   0.048923   999992.000000
6.000000    23   0.399625   0.018603   0.534194   86.106147   1.762318   75.199592   999989.000000
6.000000    23   0.399625   0.018603   0.100835   86.106147   1.762318   8.275543   999989.000000
6.000000    23   0.399625   0.018603   -0.206226   86.106147   1.762318   3.441101   999989.000000
6.000000    23   0.399625   0.018603   -0.054763   86.106147   1.762318   -0.333134   999989.000000
6.000000    23   0.399625   0.018603   0.024068   86.106147   1.762318   -1.142738   999989.000000
6.000000    23   0.399625   0.018603   0.002657   86.106147   1.762318   0.292397   999989.000000
6.000000    23   0.399625   0.018603   0.002003   86.106147   1.762318   -0.241820   999989.000000
6.000000    23   0.399625   0.018603   -0.000121   86.106147   1.762318   0.307701   999989.000000
6.000000    23   0.399625   0.018603   -0.003757   86.106147   1.762318   0.194510   999989.000000
6.000000    23   0.399625   0.018603   -0.000318   86.106147   1.762318   0.083762   999989.000000
6.250000    24   0.343492   0.005727   0.443822   85.162063   1.343763   74.927025   999985.000000
6.250000    24   0.343492   0.005727   0.112414   85.162063   1.343763   8.647687   999985.000000
6.250000    24   0.343492   0.005727   -0.180170   85.162063   1.343763   2.800056   999985.000000
6.250000    24   0.343492   0.005727   -0.056238   85.162063   1.343763   -0.727146   999985.000000
6.250000    24   0.343492   0.005727   0.020870   85.162063   1.343763   -0.905369   999985.000000
6.250000    24   0.343492   0.005727   0.003337   85.162063   1.343763   0.275805   999985.000000
6.250000    24   0.343492   0.005727   0.003790   85.162063   1.343763   -0.341378   999985.000000
6.250000    24   0.343492   0.005727   -0.000573   85.162063   1.343763   0.035469   999985.000000
6.250000    24   0.343492   0.005727   -0.005007   85.162063   1.343763   0.325626   999985.000000
6.250000    24   0.343492   0.005727   -0.000585   85.162063   1.343763   0.059973   999985.000000
6.500000    25   0.254141   -0.015907   0.340096   84.505975   1.327518   74.335407   999981.000000
6.500000    25   0.254141   -0.015907   0.117306   84.505975   1.327518   8.795241   999981.000000
6.500000    25   0.254141   -0.015907   -0.156159   84.505975   1.327518   3.415220   999981.000000
6.500000    25   0.254141   -0.015907   -0.056038   84.505975   1.327518   -0.615182   999981.000000
6.500000    25   0.254141   -0.015907   0.019268   84.505975   1.327518   -1.434961   999981.000000
6.500000    25   0.254141   -0.015907   -0.012578   84.505975   1.327518   0.694117   999981.000000
6.500000    25   0.254141   -0.015907   0.007890   84.505975   1.327518   -1.120195   999981.000000
6.500000    25   0.254141   -0.015907   0.000547   84.505975   1.327518   -0.000512   999981.000000
6.500000    25   0.254141   -0.015907   -0.006984   84.505975   1.327518   0.315339   999981.000000
6.500000    25   0.254141   -0.015907   -0.001145   84.505975   1.327518   0.019917   999981.000000
6.750000    26   0.180724   -0.009037   0.230910   83.025788   0.376777   73.784003   999973.000000
6.750000    26   0.180724   -0.009037   0.118228   83.025788   0.376777   9.101777   999973.000000
6.750000    26   0.180724   -0.009037   -0.138143   83.025788   0.376777   3.404825   999973.000000
6.750000    26   0.180724   -0.009037   -0.053606   83.025788   0.376777   -0.454954   999973.000000
6.750000    26   0.180724   -0.009037   0.021729   83.025788   0.376777   -2.040973   999973.000000
6.750000    26   0.180724   -0.009037   -0.006404   83.025788   0.376777   0.980319   999973.000000
6.750000    26   0.180724   -0.009037   0.013054   83.025788   0.376777   -1.517820   999973.000000
6.750000    26   0.180724   -0.009037   0.004740   83.025788   0.376777   -0.100042   999973.000000
6.750000    26   0.180724   -0.009037   -0.008801   83.025788   0.376777   -0.115099   999973.000000
6.750000    26   0.180724   -0.009037   -0.002536   83.025788   0.376777   -0.129209   999973.000000
7.000000    27   0.091941   -0.003598   0.126740   84.164734   -0.485369   73.311371   999965.000000
7.000000    27   0.091941   -0.003598   0.104542   84.164734   -0.485369   9.407568   999965.000000
7.000000    27   0.091941   -0.003598   -0.131763   84.164734   -0.485369   3.196318   999965.000000
7.000000    27   0.091941   -0.003598   -0.045975   84.164734   -0.485369   -0.584660   999965.000000
7.000000    27   0.091941   -0.003598   0.029808   84.164734   -0.485369   -2.914197   999965.000000
7.000000    27   0.091941   -0.003598   0.006994   84.164734   -0.485369   1.439342   999965.000000
7.000000    27   0.091941   -0.003598   0.011106   84.164734   -0.485369   -0.901432   999965.000000
7.000000    27   0.091941   -0.003598   0.000697   84.164734   -0.485369   0.388472   999965.000000
7.000000    27   0.091941   -0.003598   -0.008590   84.164734   -0.485369   0.679234   999965.000000
7.000000    27   0.091941   -0.003598   -0.002701   84.164734   -0.485369   0.035479   999965.000000
7.250000    28   -0.014293   0.000829   0.035122   83.339288   1.094360   72.596864   999952.000000
7.250000    28   -0.014293   0.000829   0.101651   83.339288   1.094360   9.958250   999952.000000
7.250000    28   -0.014293   0.000829   -0.126338   83.339288   1.094360   2.954991   999952.000000
7.250000    28   -0.014293   0.000829   -0.050095   83.339288   1.094360   -1.957983   999952.000000
7.250000    28   -0.014293   0.000829   0.036394   83.339288   1.094360   -2.251217   999952.000000
7.250000    28   -0.014293   0.000829   0.005166   83.339288   1.094360   1.903777   999952.000000
7.250000    28   -0.014293   0.000829   0.001750   83.339288   1.094360   -0.773821   999952.000000
7.250000    28   -0.014293   0.000829   -0.005990   83.339288   1.094360   0.399332   999952.000000
7.250000    28   -0.014293   0.000829   -0.008348   83.339288   1.094360   0.574835   999952.000000
7.250000    28   -0.014293   0.000829   -0.002869   83.339288   1.094360   0.020669   999952.000000
7.500000    29   -0.082694   -0.016221   -0.035719   84.363086   2.009033   71.977530   999932.000000
7.500000    29   -0.082694   -0.016221   0.081983   84.363086   2.009033   10.410328   999932.000000
7.500000    29   -0.082694   -0.016221   -0.127257   84.363086   2.009033   3.122940   999932.000000
7.500000    29   -0.082694   -0.016221   -0.043784   84.363086   2.009033   -1.851195   999932.000000
7.500000    29   -0.082694   -0.016221   0.040807   84.363086   2.009033   -1.377713   999932.000000
7.500000    29   -0.082694   -0.016221   0.017827   84.363086   2.009033   2.074515   999932.000000
7.500000    29   -0.082694   -0.016221   0.003900   84.363086   2.009033   -0.620199   999932.000000
7.500000    29   -0.082694   -0.016221   -0.001295   84.363086   2.009033   0.780702   999932.000000
7.500000    29   -0.082694   -0.016221   -0.015305   84.363086   2.009033   0.386224   999932.000000
7.500000    29   -0.082694   -0.016221   -0.002454   84.363086   2.009033   -0.590758   999932.000000
7.750000    30   -0.168319   -0.017154   -0.080892   86.670593   -0.485122   71.341083   999911.000000
7.750000    30   -0.168319   -0.017154   0.050890   86.670593   -0.485122   10.883935   999911.000000
7.750000    30   -0.168319   -0.017154   -0.138313   86.670593   -0.485122   4.472497   999911.000000
7.750000    30   -0.168319   -0.017154   -0.022681   86.670593   -0.485122   -2.397026   999911.000000
7.750000    30   -0.168319   -0.017154   0.044626   86.670593   -0.485122   -0.955332   999911.000000
7.750000    30   -0.168319   -0.017154   0.010032   86.670593   -0.485122   2.645362   999911.000000
7.750000    30   -0.168319   -0.017154   -0.002290   86.670593   -0.485122   -0.460732   999911.000000
7.750000    30   -0.168319   -0.017154   -0.000780   86.670593   -0.485122   1.510349   999911.000000
7.750000    30   -0.168319   -0.017154   -0.025243   86.670593   -0.485122   0.298397   999911.000000
7.750000    30   -0.168319   -0.017154   -0.000437   86.670593   -0.485122   -0.667601   999911.000000
8.000000    31   -0.184600   -0.046024   -0.091351   85.265453   1.417084   71.452013   999891.000000
8.000000    31   -0.184600   -0.046024   0.026309   85.265453   1.417084   11.149446   999891.000000
8.000000    31   -0.184600   -0.046024   -0.157594   85.265453   1.417084   4.985300   999891.000000
8.000000    31   -0.184600   -0.046024   0.002481   85.265453   1.417084   -2.716247   999891.000000
8.000000    31   -0.184600   -0.046024   0.052892   85.265453   1.417084   -2.241479   999891.000000
8.000000    31   -0.184600   -0.046024   0.034740   85.265453   1.417084   2.545031   999891.000000
8.000000    31   -0.184600   -0.046024   -0.009760   85.265453   1.417084   -0.445446   999891.000000
8.000000    31   -0.184600   -0.046024   -0.006335   85.265453   1.417084   0.934130   999891.000000
8.000000    31   -0.184600   -0.046024   -0.041910   85.265453   1.417084   0.532187   999891.000000
8.000000    31   -0.184600   -0.046024   0.007601   85.265453   1.417084   -1.242138   999891.000000
8.250000    32   -0.174473   -0.007305   -0.072498   87.462774   1.169712   71.462650   999860.000000
8.250000    32   -0.174473   -0.007305   0.000810   87.462774   1.169712   11.424551   999860.000000
8.250000    32   -0.174473   -0.007305   -0.195743   87.462774   1.169712   4.625033   999860.000000
8.250000    32   -0.174473   -0.007305   0.030661   87.462774   1.169712   -1.923767   999860.000000
8.250000    32   -0.174473   -0.007305   0.073334   87.462774   1.169712   -2.005373   999860.000000
8.250000    32   -0.174473   -0.007305   0.026691   87.462774   1.169712   3.373785   999860.000000
8.250000    32   -0.174473   -0.007305   -0.009720   87.462774   1.169712   -0.373272   999860.000000
8.250000    32   -0.174473   -0.007305   -0.008581   87.462774   1.169712   1.357320   999860.000000
8.250000    32   -0.174473   -0.007305   -0.034682   87.462774   1.169712   0.909993   999860.000000
8.250000    32   -0.174473   -0.007305   0.010829   87.462774   1.169712   -1.409718   999860.000000
8.500000    33   -0.150496   -0.005222   -0.024353   84.921857   3.599960   71.156006   999825.000000
8.500000    33   -0.150496   -0.005222   -0.017843   84.921857   3.599960   11.823572   999825.000000
8.500000    33   -0.150496   -0.005222   -0.234686   84.921857   3.599960   4.304323   999825.000000
8.500000    33   -0.150496   -0.005222   0.037995   84.921857   3.599960   -2.669058   999825.000000
8.500000    33   -0.150496   -0.005222   0.071807   84.921857   3.599960   -2.138885   999825.000000
8.500000    33   -0.150496   -0.005222   0.021578   84.921857   3.599960   2.480998   999825.000000
8.500000    33   -0.150496   -0.005222   -0.008401   84.921857   3.599960   -0.733442   999825.000000
8.500000    33   -0.150496   -0.005222   0.009325   84.921857   3.599960   2.018022   999825.000000
8.500000    33   -0.150496   -0.005222   -0.027763   84.921857   3.599960   0.661728   999825.000000
8.500000    33   -0.150496   -0.005222   0.012688   84.921857   3.599960   -1.395688   999825.000000
8.750000    34   -0.179167   0.000842   0.046291   79.969074   2.808853   70.592720   999775.000000
8.750000    34   -0.179167   0.000842   -0.036346   79.969074   2.808853   12.027138   999775.000000
8.750000    34   -0.179167   0.000842   -0.279536   79.969074   2.808853   2.972875   999775.000000
8.750000    34   -0.179167   0.000842   0.017610   79.969074   2.808853   -2.556816   999775.000000
8.750000    34   -0.179167   0.000842   0.070329   79.969074   2.808853   -1.843362   999775.000000
8.750000    34   -0.179167   0.000842   -0.000550   79.969074   2.808853   1.986559   999775.000000
8.750000    34   -0.179167   0.000842   -0.015200   79.969074   2.808853   -0.266754   999775.000000
8.750000    34   -0.179167   0.000842   0.019186   79.969074   2.808853   0.849619   999775.000000
8.750000    34   -0.179167   0.000842   -0.035518   79.969074   2.808853   -0.488059   999775.000000
8.750000    34   -0.179167   0.000842   0.022529   79.969074   2.808853   -1.106117   999775.000000
9.000000    35   -0.152971   0.020990   0.127893   76.280177   4.327431   70.103515   999723.000000
9.000000    35   -0.152971   0.020990   -0.054466   76.280177   4.327431   12.558273   999723.000000
9.000000    35   -0.152971   0.020990   -0.316221   76.280177   4.327431   3.032989   999723.000000
9.000000    35   -0.152971   0.020990   0.021962   76.280177   4.327431   -2.191987   999723.000000
9.000000    35   -0.152971   0.020990   0.067007   76.280177   4.327431   -2.236282   999723.000000
9.000000    35   -0.152971   0.020990   -0.022946   76.280177   4.327431   3.478273   999723.000000
9.000000    35   -0.152971   0.020990   -0.007353   76.280177   4.327431   -4.063362   999723.000000
9.000000    35   -0.152971   0.020990   0.024808   76.280177   4.327431   -0.260867   999723.000000
9.000000    35   -0.152971   0.020990   -0.034334   76.280177   4.327431   0.100516   999723.000000
9.000000    35   -0.152971   0.020990   0.025737   76.280177   4.327431   -1.543991   999723.000000
9.250000    36   -0.063532   0.046017   0.222136   81.348401   6.256641   70.257346   999674.000000
9.250000    36   -0.063532   0.046017   -0.050111   81.348401   6.256641   12.907990   999674.000000
9.250000    36   -0.063532   0.046017   -0.360673   81.348401   6.256641   3.734431   999674.000000
9.250000    36   -0.063532   0.046017   0.011335   81.348401   6.256641   -2.328061   999674.000000
9.250000    36   -0.063532   0.046017   0.079009   81.348401   6.256641   0.267048   999674.000000
9.250000    36   -0.063532   0.046017   -0.030151   81.348401   6.256641   3.631126   999674.000000
9.250000    36   -0.063532   0.046017   0.048539   81.348401   6.256641   -2.857089   999674.000000
9.250000    36   -0.063532   0.046017   0.017164   81.348401   6.256641   -0.140955   999674.000000
9.250000    36   -0.063532   0.046017   -0.027647   81.348401   6.256641   0.045369   999674.000000
9.250000    36   -0.063532   0.046017   0.010422   81.348401   6.256641   -1.076287   999674.000000
9.500000    37   -0.054072   -0.008988   0.315333   83.313474   9.836015   69.957666   999594.000000
9.500000    37   -0.054072   -0.008988   -0.056144   83.313474   9.836015   13.801998   999594.000000
9.500000    37   -0.054072   -0.008988   -0.397037   83.313474   9.836015   5.247851   999594.000000
9.500000    37   -0.054072   -0.008988   0.013543   83.313474   9.836015   -2.516317   999594.000000
9.500000    37   -0.054072   -0.008988   0.056357   83.313474   9.836015   -0.774925   999594.000000
9.500000    37   -0.054072   -0.008988   -0.039861   83.313474   9.836015   3.940877   999594.000000
9.500000    37   -0.054072   -0.008988   0.067954   83.313474   9.836015   -3.054294   999594.000000
9.500000    37   -0.054072   -0.008988   -0.016712   83.313474   9.836015   -0.047267   999594.000000
9.500000    37   -0.054072   -0.008988   -0.019931   83.313474   9.836015   -0.105214   999594.000000
9.500000    37   -0.054072   -0.008988   0.013098   83.313474   9.836015   -0.170554   999594.000000
9.750000    38   0.004894   0.001426   0.398523   82.420934   8.132386   69.860375   999520.000000
9.750000    38   0.004894   0.001426   -0.056321   82.420934   8.132386   14.298315   999520.000000
9.750000    38   0.004894   0.001426   -0.413135   82.420934   8.132386   4.220262   999520.000000
9.750000    38   0.004894   0.001426   0.009009   82.420934   8.132386   -1.143135   999520.000000
9.750000    38   0.004894   0.001426   0.054173   82.420934   8.132386   -3.487453   999520.000000
9.750000    38   0.004894   0.001426   -0.052710   82.420934   8.132386   3.345428   999520.000000
9.750000    38   0.004894   0.001426   0.041509   82.420934   8.132386   -3.622443   999520.000000
9.750000    38   0.004894   0.001426   -0.016091   82.420934   8.132386   0.894483   999520.000000
9.750000    38   0.004894   0.001426   0.029923   82.420934   8.132386   -0.472972   999520.000000
9.750000    38   0.004894   0.001426   -0.000377   82.420934   8.132386   -0.007571   999520.000000
10.000000    39   0.034294   0.086209   0.472049   87.230935   9.201320   69.903174   999421.000000
10.000000    39   0.034294   0.086209   -0.057838   87.230935   9.201320   14.005931   999421.000000
10.000000    39   0.034294   0.086209   -0.416352   87.230935   9.201320   4.584409   999421.000000
10.000000    39   0.034294   0.086209   0.013348   87.230935   9.201320   -0.930292   999421.000000
10.000000    39   0.034294   0.086209   0.056439   87.230935   9.201320   -1.045561   999421.000000
10.000000    39   0.034294   0.086209   -0.040270   87.230935   9.201320   1.993289   999421.000000
10.000000    39   0.034294   0.086209   0.021297   87.230935   9.201320   -5.819272   999421.000000
10.000000    39   0.034294   0.086209   -0.013673   87.230935   9.201320   3.346405   999421.000000
10.000000    39   0.034294   0.086209   0.015443   87.230935   9.201320   2.079924   999421.000000
10.000000    39   0.034294   0.086209   -0.039121   87.230935   9.201320   -1.729153   999421.000000
10.250000    40   0.067241   0.130865   0.526949   88.542737   18.611099   69.939454   999299.000000
10.250000    40   0.067241   0.130865   -0.038413   88.542737   18.611099   13.964767   999299.000000
10.250000    40   0.067241   0.130865   -0.409256   88.542737   18.611099   4.372799   999299.000000
10.250000    40   0.067241   0.130865   -0.013092   88.542737   18.611099   -1.186567   999299.000000
10.250000    40   0.067241   0.130865   0.056713   88.542737   18.611099   -1.405761   999299.000000
10.250000    40   0.067241   0.130865   -0.041312   88.542737   18.611099   3.114414   999299.000000
10.250000    40   0.067241   0.130865   0.017936   88.542737   18.611099   -1.525798   999299.000000
10.250000    40   0.067241   0.130865   -0.023219   88.542737   18.611099   1.126041   999299.000000
10.250000    40   0.067241   0.130865   -0.015153   88.542737   18.611099   2.203762   999299.000000
10.250000    40   0.067241   0.130865   -0.021359   88.542737   18.611099   -1.704282   999299.000000
10.500000    41   -0.005311   0.125721   0.561214   88.766670   23.699825   70.039421   999206.000000
10.500000    41   -0.005311   0.125721   -0.023511   88.766670   23.699825   14.784547   999206.000000
10.500000    41   -0.005311   0.125721   -0.412606   88.766670   23.699825   4.767666   999206.000000
10.500000    41   -0.005311   0.125721   -0.057976   88.766670   23.699825   -1.899852   999206.000000
10.500000    41   -0.005311   0.125721   0.038482   88.766670   23.699825   -1.519517   999206.000000
10.500000    41   -0.005311   0.125721   -0.028683   88.766670   23.699825   3.481999   999206.000000
10.500000    41   -0.005311   0.125721   -0.001583   88.766670   23.699825   0.554598   999206.000000
10.500000    41   -0.005311   0.125721   -0.023347   88.766670   23.699825   3.212006   999206.000000
10.500000    41   -0.005311   0.125721   -0.052856   88.766670   23.699825   1.812907   999206.000000
10.500000    41   -0.005311   0.125721   -0.031911   88.766670   23.699825   -5.999695   999206.000000
10.750000    42   -0.092754   0.107973   0.562726   82.728917   19.420841   69.379928   999067.000000
10.750000    42   -0.092754   0.107973   -0.013064   82.728917   19.420841   15.194431   999067.000000
10.750000    42   -0.092754   0.107973   -0.397443   82.728917   19.420841   3.968061   999067.000000
10.750000    42   -0.092754   0.107973   -0.041444   82.728917   19.420841   -2.617506   999067.000000
10.750000    42   -0.092754   0.107973   0.060529   82.728917   19.420841   -5.234699   999067.000000
10.750000    42   -0.092754   0.107973   -0.080659   82.728917   19.420841   5.923463   999067.000000
10.750000    42   -0.092754   0.107973   0.003132   82.728917   19.420841   -0.642136   999067.000000
10.750000    42   -0.092754   0.107973   -0.045245   82.728917   19.420841   2.219558   999067.000000
10.750000    42   -0.092754   0.107973   -0.105126   82.728917   19.420841   1.213879   999067.000000
10.750000    42   -0.092754   0.107973   -0.050632   82.728917   19.420841   -6.551793   999067.000000
11.000000    43   -0.061179   0.024542   0.539033   94.147681   26.636242   69.654610   998911.000000
11.000000    43   -0.061179   0.024542   0.012529   94.147681   26.636242   15.795829   998911.000000
11.000000    43   -0.061179   0.024542   -0.366294   94.147681   26.636242   3.787774   998911.000000
11.000000    43   -0.061179   0.024542   -0.068367   94.147681   26.636242   -1.652430   998911.000000
11.000000    43   -0.061179   0.024542   0.067392   94.147681   26.636242   -7.545460   998911.000000
11.000000    43   -0.061179   0.024542   -0.063057   94.147681   26.636242   10.608960   998911.000000
11.000000    43   -0.061179   0.024542   -0.012154   94.147681   26.636242   -3.624856   998911.000000
11.000000    43   -0.061179   0.024542   -0.013082   94.147681   26.636242   5.775319   998911.000000
11.000000    43   -0.061179   0.024542   -0.082708   94.147681   26.636242   5.292056   998911.000000
11.000000    43   -0.061179   0.024542   -0.086607   94.147681   26.636242   -6.329428   998911.000000
11.250000    44   -0.097510   -0.112415   0.484884   77.227064   29.140416   69.306720   998734.000000
11.250000    44   -0.097510   -0.112415   0.028279   77.227064   29.140416   15.247953   998734.000000
11.250000    44   -0.097510   -0.112415   -0.319330   77.227064   29.140416   0.257494   998734.000000
11.250000    44   -0.097510   -0.112415   -0.091312   77.227064   29.140416   1.475115   998734.000000
11.250000    44   -0.097510   -0.112415   0.084970   77.227064   29.140416   -8.028217   998734.000000
11.250000    44   -0.097510   -0.112415   -0.029076   77.227064   29.140416   11.058053   998734.000000
11.250000    44   -0.097510   -0.112415   0.037530   77.227064   29.140416   -8.695220   998734.000000
11.250000    44   -0.097510   -0.112415   -0.036288   77.227064   29.140416   4.308499   998734.000000
11.250000    44   -0.097510   -0.112415   -0.127185   77.227064   29.140416   -1.112704   998734.000000
11.250000    44   -0.097510   -0.112415   -0.147670   77.227064   29.140416   -9.750759   998734.000000
11.500000    45   -0.073317   -0.144616   0.410079   74.948650   38.460632   68.650471   998550.000000
11.500000    45   -0.073317   -0.144616   0.028503   74.948650   38.460632   15.489857   998550.000000
11.500000    45   -0.073317   -0.144616   -0.294423   74.948650   38.460632   -0.806803   998550.000000
11.500000    45   -0.073317   -0.144616   -0.113684   74.948650   38.460632   1.137509   998550.000000
11.500000    45   -0.073317   -0.144616   0.104252   74.948650   38.460632   -11.968828   998550.000000
11.500000    45   -0.073317   -0.144616   0.041724   74.948650   38.460632   11.490901   998550.000000
11.500000    45   -0.073317   -0.144616   -0.001791   74.948650   38.460632   -5.696000   998550.000000
11.500000    45   -0.073317   -0.144616   -0.020196   74.948650   38.460632   8.414830   998550.000000
11.500000    45   -0.073317   -0.144616   -0.112472   74.948650   38.460632   -0.306407   998550.000000
11.500000    45   -0.073317   -0.144616   -0.142039   74.948650   38.460632   -15.043152   998550.000000
11.750000    46   -0.244661   -0.268599   0.315969   74.114825   21.436390   68.343118   998327.000000
11.750000    46   -0.244661   -0.268599   0.036069   74.114825   21.436390   15.970417   998327.000000
11.750000    46   -0.244661   -0.268599   -0.313287   74.114825   21.436390   -2.976910   998327.000000
11.750000    46   -0.244661   -0.268599   -0.058753   74.114825   21.436390   2.199844   998327.000000
11.750000    46   -0.244661   -0.268599   0.040448   74.114825   21.436390   -20.333824   998327.000000
11.750000    46   -0.244661   -0.268599   0.024318   74.114825   21.436390   8.598990   998327.000000
11.750000    46   -0.244661   -0.268599   0.011155   74.114825   21.436390   -4.813042   998327.000000
11.750000    46   -0.244661   -0.268599   -0.050569   74.114825   21.436390   14.457324   998327.000000
11.750000    46   -0.244661   -0.268599   -0.088707   74.114825   21.436390   1.008902   998327.000000
11.750000    46   -0.244661   -0.268599   -0.162592   74.114825   21.436390   -11.732100   998327.000000
12.000000    47   -0.116918   -0.375599   0.215814   77.097399   23.886856   68.427349   998064.000000
12.000000    47   -0.116918   -0.375599   0.046637   77.097399   23.886856   16.367625   998064.000000
12.000000    47   -0.116918   -0.375599   -0.283267   77.097399   23.886856   -2.908027   998064.000000
12.000000    47   -0.116918   -0.375599   -0.000496   77.097399   23.886856   0.383666   998064.000000
12.000000    47   -0.116918   -0.375599   0.045040   77.097399   23.886856   -11.585251   998064.000000
12.000000    47   -0.116918   -0.375599   0.083071   77.097399   23.886856   9.526277   998064.000000
12.000000    47   -0.116918   -0.375599   0.053998   77.097399   23.886856   0.078566   998064.000000
12.000000    47   -0.116918   -0.375599   -0.057756   77.097399   23.886856   10.766512   998064.000000
12.000000    47   -0.116918   -0.375599   -0.082648   77.097399   23.886856   -4.475697   998064.000000
12.000000    47   -0.116918   -0.375599   -0.126536   77.097399   23.886856   -18.532598   998064.000000
12.250000    48   -0.278677   -0.541975   0.117442   71.650187   29.819975   67.207052   997782.000000
12.250000    48   -0.278677   -0.541975   0.051258   71.650187   29.819975   16.918088   997782.000000
12.250000    48   -0.278677   -0.541975   -0.238301   71.650187   29.819975   1.209335   997782.000000
12.250000    48   -0.278677   -0.541975   -0.032844   71.650187   29.819975   -0.909267   997782.000000
12.250000    48   -0.278677   -0.541975   0.086832   71.650187   29.819975   -15.264266   997782.000000
12.250000    48   -0.278677   -0.541975   0.117489   71.650187   29.819975   14.087028   997782.000000
12.250000    48   -0.278677   -0.541975   -0.075499   71.650187   29.819975   0.700967   997782.000000
12.250000    48   -0.278677   -0.541975   -0.122073   71.650187   29.819975   7.309224   997782.000000
12.250000    48   -0.278677   -0.541975   -0.030121   71.650187   29.819975   -6.374659   997782.000000
12.250000    48   -0.278677   -0.541975   -0.133532   71.650187   29.819975   -17.775505   997782.000000
12.500000    49   -0.707460   -0.893898   0.039720   72.683651   27.703203   66.796831   997509.000000
12.500000    49   -0.707460   -0.893898   0.043611   72.683651   27.703203   17.065997   997509.000000
12.500000    49   -0.707460   -0.893898   -0.273084   72.683651   27.703203   -0.441595   997509.000000
12.500000    49   -0.707460   -0.893898   -0.052391   72.683651   27.703203   -1.802790   997509.000000
12.500000    49   -0.707460   -0.893898   0.064135   72.683651   27.703203   -16.374289   997509.000000
12.500000    49   -0.707460   -0.893898   0.111151   72.683651   27.703203   15.319891   997509.000000
12.500000    49   -0.707460   -0.893898   -0.150212   72.683651   27.703203   2.444306   997509.000000
12.500000    49   -0.707460   -0.893898   -0.205580   72.683651   27.703203   0.316207   997509.000000
12.500000    49   -0.707460   -0.893898   -0.109082   72.683651   27.703203   -2.480174   997509.000000
12.500000    49   -0.707460   -0.893898   -0.186734   72.683651   27.703203   -15.256298   997509.000000
12.750000    50   -0.743342   -0.754340   -0.001784   36.392016   43.987442   67.853350   997180.000000
12.750000    50   -0.743342   -0.754340   0.017666   36.392016   43.987442   16.962153   997180.000000
12.750000    50   -0.743342   -0.754340   -0.246329   36.392016   43.987442   -2.398912   997180.000000
12.750000    50   -0.743342   -0.754340   -0.021515   36.392016   43.987442   -1.468921   997180.000000
12.750000    50   -0.743342   -0.754340   0.096373   36.392016   43.987442   -20.746312   997180.000000
12.750000    50   -0.743342   -0.754340   0.136410   36.392016   43.987442   8.687226   997180.000000
12.750000    50   -0.743342   -0.754340   -0.180266   36.392016   43.987442   -4.984501   997180.000000
12.750000    50   -0.743342   -0.754340   -0.082828   36.392016   43.987442   -0.438174   997180.000000
12.750000    50   -0.743342   -0.754340   -0.155362   36.392016   43.987442   -3.228296   997180.000000
12.750000    50   -0.743342   -0.754340   -0.287303   36.392016   43.987442   -27.426282   997180.000000
13.000000    51   -0.187348   -0.615029   -0.026557   10.477489   73.124249   67.157281   996823.000000
13.000000    51   -0.187348   -0.615029   -0.000471   10.477489   73.124249   18.260872   996823.000000
13.000000    51   -0.187348   -0.615029   -0.230330   10.477489   73.124249   -6.688185   996823.000000
13.000000    51   -0.187348   -0.615029   0.018227   10.477489   73.124249   1.713647   996823.000000
13.000000    51   -0.187348   -0.615029   0.099713   10.477489   73.124249   -20.617968   996823.000000
13.000000    51   -0.187348   -0.615029   0.176886   10.477489   73.124249   1.843410   996823.000000
13.000000    51   -0.187348   -0.615029   -0.084087   10.477489   73.124249   -16.435582   996823.000000
13.000000    51   -0.187348   -0.615029   0.024926   10.477489   73.124249   -4.387439   996823.000000
13.000000    51   -0.187348   -0.615029   -0.106797   10.477489   73.124249   -0.445303   996823.000000
13.000000    51   -0.187348   -0.615029   -0.172973   10.477489   73.124249   -29.779190   996823.000000
13.250000    52   -0.073035   -0.288689   -0.021487   -40.889027   57.041652   67.806191   996438.000000
13.250000    52   -0.073035   -0.288689   -0.015453   -40.889027   57.041652   18.130211   996438.000000
13.250000    52   -0.073035   -0.288689   -0.222011   -40.889027   57.041652   -5.467200   996438.000000
13.250000    52   -0.073035   -0.288689   0.002303   -40.889027   57.041652   0.216691   996438.000000
13.250000    52   -0.073035   -0.288689   0.136276   -40.889027   57.041652   -13.455475   996438.000000
13.250000    52   -0.073035   -0.288689   0.153649   -40.889027   57.041652   -2.247545   996438.000000
13.250000    52   -0.073035   -0.288689   -0.034032   -40.889027   57.041652   -20.192202   996438.000000
13.250000    52   -0.073035   -0.288689   0.069319   -40.889027   57.041652   -16.870061   996438.000000
13.250000    52   -0.073035   -0.288689   -0.145170   -40.889027   57.041652   -3.256534   996438.000000
13.250000    52   -0.073035   -0.288689   -0.116892   -40.889027   57.041652   -45.109631   996438.000000
13.500000    53   0.039608   -0.132495   -0.006551   -36.166455   41.112907   68.259573   996025.000000
13.500000    53   0.039608   -0.132495   -0.027047   -36.166455   41.112907   18.175776   996025.000000
13.500000    53   0.039608   -0.132495   -0.286881   -36.166455   41.112907   -5.498534   996025.000000
13.500000    53   0.039608   -0.132495   0.025765   -36.166455   41.112907   -1.002115   996025.000000
13.500000    53   0.039608   -0.132495   0.234477   -36.166455   41.112907   -14.050767   996025.000000
13.500000    53   0.039608   -0.132495   0.193643   -36.166455   41.112907   0.038201   996025.000000
13.500000    53   0.039608   -0.132495   -0.107758   -36.166455   41.112907   -20.531505   996025.000000
13.500000    53   0.039608   -0.132495   0.031162   -36.166455   41.112907   -23.877305   996025.000000
13.500000    53   0.039608   -0.132495   -0.184755   -36.166455   41.112907   15.014752   996025.000000
13.500000    53   0.039608   -0.132495   0.110241   -36.166455   41.112907   -45.760036   996025.000000
13.750000    54   -0.271102   -0.027998   0.015405   -30.283003   11.923427   66.791943   995499.000000
13.750000    54   -0.271102   -0.027998   -0.063642   -30.283003   11.923427   19.374764   995499.000000
13.750000    54   -0.271102   -0.027998   -0.346214   -30.283003   11.923427   -1.431723   995499.000000
13.750000    54   -0.271102   -0.027998   0.024072   -30.283003   11.923427   5.526766   995499.000000
13.750000    54   -0.271102   -0.027998   0.243390   -30.283003   11.923427   -16.283400   995499.000000
13.750000    54   -0.271102   -0.027998   0.168471   -30.283003   11.923427   8.848286   995499.000000
13.750000    54   -0.271102   -0.027998   -0.232703   -30.283003   11.923427   -25.087884   995499.000000
13.750000    54   -0.271102   -0.027998   0.025351   -30.283003   11.923427   -23.197153   995499.000000
13.750000    54   -0.271102   -0.027998   -0.297155   -30.283003   11.923427   5.822814   995499.000000
13.750000    54   -0.271102   -0.027998   0.164236   -30.283003   11.923427   -50.469542   995499.000000
14.000000    55   -0.530016   0.224470   0.064398   -40.503027   -14.219114   66.246257   995029.000000
14.000000    55   -0.530016   0.224470   -0.103900   -40.503027   -14.219114   20.071406   995029.000000
14.000000    55   -0.530016   0.224470   -0.452761   -40.503027   -14.219114   2.365721   995029.000000
14.000000    55   -0.530016   0.224470   0.077404   -40.503027   -14.219114   9.497346   995029.000000
14.000000    55   -0.530016   0.224470   0.239495   -40.503027   -14.219114   -17.470672   995029.000000
14.000000    55   -0.530016   0.224470   0.052169   -40.503027   -14.219114   12.558534   995029.000000
14.000000    55   -0.530016   0.224470   -0.432756   -40.503027   -14.219114   -25.413396   995029.000000
14.000000    55   -0.530016   0.224470   -0.122768   -40.503027   -14.219114   -28.328771   995029.000000
14.000000    55   -0.530016   0.224470   -0.094314   -40.503027   -14.219114   -12.675707   995029.000000
14.000000    55   -0.530016   0.224470   0.205785   -40.503027   -14.219114   -61.967059   995029.000000
14.250000    56   -0.702774   0.532317   0.129139   -29.383730   7.011436   67.000944   994478.000000
14.250000    56   -0.702774   0.532317   -0.130262   -29.383730   7.011436   19.958208   994478.000000
14.250000    56   -0.702774   0.532317   -0.481072   -29.383730   7.011436   2.543529   994478.000000
14.250000    56   -0.702774   0.532317   0.108200   -29.383730   7.011436   10.100745   994478.000000
14.250000    56   -0.702774   0.532317   0.208870   -29.383730   7.011436   -23.433139   994478.000000
14.250000    56   -0.702774   0.532317   -0.171168   -29.383730   7.011436   3.925156   994478.000000
14.250000    56   -0.702774   0.532317   -0.412817   -29.383730   7.011436   -21.588010   994478.000000
14.250000    56   -0.702774   0.532317   -0.039816   -29.383730   7.011436   -17.535172   994478.000000
14.250000    56   -0.702774   0.532317   -0.072168   -29.383730   7.011436   -42.205049   994478.000000
14.250000    56   -0.702774   0.532317   0.207576   -29.383730   7.011436   -57.796125   994478.000000
14.500000    57   -0.552045   0.845264   0.180674   -28.469617   73.243394   65.576378   993924.000000
14.500000    57   -0.552045   0.845264   -0.147015   -28.469617   73.243394   20.364931   993924.000000
14.500000    57   -0.552045   0.845264   -0.527150   -28.469617   73.243394   2.446938   993924.000000
14.500000    57   -0.552045   0.845264   0.076068   -28.469617   73.243394   8.050607   993924.000000
14.500000    57   -0.552045   0.845264   0.241205   -28.469617   73.243394   -36.965624   993924.000000
14.500000    57   -0.552045   0.845264   -0.186882   -28.469617   73.243394   5.247875   993924.000000
14.500000    57   -0.552045   0.845264   -0.402386   -28.469617   73.243394   -27.767068   993924.000000
14.500000    57   -0.552045   0.845264   0.137558   -28.469617   73.243394   -20.127344   993924.000000
14.500000    57   -0.552045   0.845264   -0.202965   -28.469617   73.243394   -36.652707   993924.000000
14.500000    57   -0.552045   0.845264   0.240587   -28.469617   73.243394   -39.825389   993924.000000
14.750000    58   -0.492699   0.937794   0.257661   -55.118430   69.250873   67.530251   993338.000000
14.750000    58   -0.492699   0.937794   -0.149433   -55.118430   69.250873   20.796569   993338.000000
14.750000    58   -0.492699   0.937794   -0.586641   -55.118430   69.250873   2.415681   993338.000000
14.750000    58   -0.492699   0.937794   0.060313   -55.118430   69.250873   7.273525   993338.000000
14.750000    58   -0.492699   0.937794   0.178839   -55.118430   69.250873   -43.999580   993338.000000
14.750000    58   -0.492699   0.937794   -0.404994   -55.118430   69.250873   11.013757   993338.000000
14.750000    58   -0.492699   0.937794   -0.202587   -55.118430   69.250873   -47.915967   993338.000000
14.750000    58   -0.492699   0.937794   0.115971   -55.118430   69.250873   -29.341911   993338.000000
14.750000    58   -0.492699   0.937794   -0.031323   -55.118430   69.250873   -25.630539   993338.000000
14.750000    58   -0.492699   0.937794   0.236692   -55.118430   69.250873   -28.789686   993338.000000
15.000000    59   -1.383227   1.088828   0.334617   -18.950276   84.253456   68.657166   992645.000000
15.000000    59   -1.383227   1.088828   -0.167062   -18.950276   84.253456   19.754570   992645.000000
15.000000    59   -1.383227   1.088828   -0.602902   -18.950276   84.253456   -0.404510   992645.000000
15.000000    59   -1.383227   1.088828   0.086469   -18.950276   84.253456   4.259597   992645.000000
15.000000    59   -1.383227   1.088828   0.127814   -18.950276   84.253456   -49.095894   992645.000000
15.000000    59   -1.383227   1.088828   -0.685888   -18.950276   84.253456   -15.664997   992645.000000
15.000000    59   -1.383227   1.088828   -0.351726   -18.950276   84.253456   -30.444773   992645.000000
15.000000    59   -1.383227   1.088828   0.238259   -18.950276   84.253456   -29.261057   992645.000000
15.000000    59   -1.383227   1.088828   -0.118880   -18.950276   84.253456   -32.966751   992645.000000
15.000000    59   -1.383227   1.088828   -0.186005   -18.950276   84.253456   -0.649295   992645.000000
Number of threads was 16
