0.250000    0   0.981205   0.000220   0.964503   85.678522   0.005230   85.360921   1000000.000000
0.500000    1   0.921822   0.000643   0.872731   85.687275   0.020624   84.999476   1000000.000000
0.750000    2   0.830413   0.000722   0.739815   85.617577   0.014934   84.558740   1000000.000000
1.000000    3   0.713732   0.001075   0.582090   85.580893   -0.020901   84.150154   1000000.000000
1.250000    4   0.583038   0.000492   0.418028   85.591520   0.018564   83.737125   1000000.000000
1.500000    5   0.441717   0.000791   0.260924   85.576456   0.006565   83.434615   1000000.000000
1.750000    6   0.305907   -0.000698   0.120898   85.533428   -0.133000   83.036763   1000000.000000
2.000000    7   0.181131   -0.000227   0.007091   85.397222   -0.119766   82.526939   1000000.000000
2.250000    8   0.081272   -0.000998   -0.073584   85.368016   -0.125786   82.141215   1000000.000000
2.500000    9   0.006927   0.000016   -0.119050   85.298606   0.084699   81.753051   1000000.000000
2.750000    10   -0.034772   0.000246   -0.127423   85.318553   0.162616   81.396783   1000000.000000
3.000000    11   -0.043114   0.000943   -0.099160   85.496929   0.211745   80.945758   1000000.000000
3.250000    12   -0.020274   0.003527   -0.038797   85.716446   0.265378   80.525148   1000000.000000
3.500000    13   0.026281   0.006313   0.049168   85.680518   0.106229   80.069592   1000000.000000
3.750000    14   0.092876   0.004797   0.158124   86.014106   0.264489   79.670658   1000000.000000
4.000000    15   0.167899   0.006826   0.275824   85.627083   0.181493   79.125591   1000000.000000
4.250000    16   0.251790   0.008142   0.393070   85.644207   0.465149   78.730090   1000000.000000
4.500000    17   0.330290   0.004347   0.499003   85.326192   0.727469   78.495113   1000000.000000
4.750000    18   0.398962   -0.006009   0.581500   85.687074   0.309209   78.036833   999999.000000
5.000000    19   0.445769   -0.007021   0.635472   85.668909   -0.240918   77.508662   999996.000000
5.250000    20   0.476413   -0.020162   0.657209   86.105941   -0.177631   77.165959   999996.000000
5.500000    21   0.482311   -0.022781   0.647030   87.014692   0.818755   76.789940   999993.000000
5.750000    22   0.463316   -0.011580   0.602959   87.611137   0.099097   76.274156   999991.000000
6.000000    23   0.419857   -0.001417   0.533712   88.552206   1.087183   75.789902   999990.000000
6.250000    24   0.359979   -0.012197   0.443907   87.873013   0.947754   75.279329   999989.000000
6.500000    25   0.276954   -0.015826   0.338544   88.249760   0.166359   74.727267   999984.000000
6.750000    26   0.191491   -0.030095   0.231649   88.499086   -0.498035   74.284347   999970.000000
7.000000    27   0.104577   -0.031441   0.130279   89.708094   -1.522049   74.141091   999957.000000
7.250000    28   0.007662   -0.051479   0.040842   88.914821   -1.876577   74.098264   999941.000000
7.500000    29   -0.086023   -0.058146   -0.032436   88.667138   -1.229161   73.322075   999931.000000
7.750000    30   -0.132139   -0.040578   -0.073359   88.079916   -1.054721   73.030044   999912.000000
8.000000    31   -0.165006   -0.034911   -0.084542   85.452908   -0.280826   72.743472   999876.000000
8.250000    32   -0.176366   -0.017254   -0.067602   85.496565   -1.393553   71.776811   999854.000000
8.500000    33   -0.184654   -0.035070   -0.024996   85.155357   -0.000605   70.940176   999808.000000
8.750000    34   -0.185402   -0.012929   0.045209   87.561602   -1.433411   70.641693   999766.000000
9.000000    35   -0.167503   -0.046174   0.129682   84.551413   -2.638074   70.063899   999717.000000
9.250000    36   -0.117555   -0.027621   0.222423   86.636663   -1.873879   69.861864   999661.000000
9.500000    37   -0.060854   -0.056338   0.314476   88.456451   -0.256202   69.067380   999583.000000
9.750000    38   0.025158   -0.017267   0.400119   80.177907   0.888640   69.083753   999486.000000
10.000000    39   0.106394   0.062393   0.472988   72.096130   -3.986485   68.867744   999388.000000
10.250000    40   0.158311   0.013813   0.523957   76.293221   -0.222452   68.275977   999268.000000
10.500000    41   0.181811   0.071888   0.552923   74.989670   5.318594   67.792748   999156.000000
10.750000    42   0.194608   0.017532   0.551369   77.361687   -3.551865   67.323763   999021.000000
11.000000    43   0.221722   -0.005115   0.521818   81.348416   2.436871   66.685843   998843.000000
11.250000    44   0.200477   -0.113019   0.463587   86.213156   -0.083322   66.321553   998664.000000
11.500000    45   0.196710   -0.098003   0.389443   82.482061   -2.667992   66.128805   998477.000000
11.750000    46   0.204380   -0.033018   0.305525   80.646941   -9.966534   65.628002   998245.000000
12.000000    47   0.445120   0.115562   0.208406   127.553594   -2.565830   64.032911   997986.000000
12.250000    48   0.342903   0.267743   0.122129   123.289775   12.036423   63.701350   997695.000000
12.500000    49   0.338984   0.238048   0.040305   134.055205   31.962522   63.171582   997401.000000
12.750000    50   0.403173   0.467119   -0.027183   125.917740   31.118943   62.544174   997076.000000
13.000000    51   0.556174   0.487095   -0.072599   76.766260   35.798366   61.395768   996699.000000
13.250000    52   0.759634   0.451466   -0.085996   68.192587   29.952700   61.024887   996299.000000
13.500000    53   0.686288   0.652304   -0.079123   59.453926   36.513371   60.885489   995875.000000
13.750000    54   0.418012   0.657950   -0.046170   56.511714   21.887036   60.807660   995404.000000
14.000000    55   0.358920   0.633064   0.011982   56.391807   51.758275   60.934686   994913.000000
14.250000    56   0.163110   0.504985   0.084724   65.863801   62.269403   61.381535   994403.000000
14.500000    57   0.401988   0.357881   0.169423   70.249752   78.581279   60.458043   993819.000000
14.750000    58   0.056159   0.496381   0.255258   78.187708   38.835013   60.963670   993224.000000
15.000000    59   -0.009641   0.108592   0.334545   92.039421   11.914947   60.885559   992556.000000
Number of threads was 1
