0.250000    0   0.980070   0.000187   0.048083   85.784686   -0.004298   4.234932   1000000.000000
0.500000    1   0.921658   0.000262   0.043283   85.577224   -0.015257   4.187973   1000000.000000
0.750000    2   0.830124   0.000339   0.036748   85.377267   0.010067   4.180576   1000000.000000
1.000000    3   0.714553   0.000351   0.028883   85.159984   0.000438   4.169928   1000000.000000
1.250000    4   0.581984   0.000519   0.020680   85.038093   -0.064708   4.164548   1000000.000000
1.500000    5   0.442741   0.001199   0.012819   84.895285   -0.038955   4.147090   1000000.000000
1.750000    6   0.306980   0.001105   0.005739   84.979204   0.028856   4.111746   1000000.000000
2.000000    7   0.183156   0.002577   0.000158   84.794155   -0.078918   4.082212   1000000.000000
2.250000    8   0.082233   0.001545   -0.003633   84.839102   -0.024585   4.091075   1000000.000000
2.500000    9   0.007770   0.000620   -0.006144   84.772549   0.053275   4.017748   1000000.000000
2.750000    10   -0.035520   -0.002538   -0.006799   84.734356   0.064955   4.007727   1000000.000000
3.000000    11   -0.047354   -0.003828   -0.005326   84.985681   0.274365   3.990342   1000000.000000
3.250000    12   -0.029475   -0.007995   -0.002316   85.082753   0.338387   3.959079   1000000.000000
3.500000    13   0.015768   -0.007309   0.001951   85.304716   0.720198   3.936619   1000000.000000
3.750000    14   0.080312   -0.006705   0.007549   85.181136   0.591383   3.943920   1000000.000000
4.000000    15   0.160014   -0.000745   0.013446   85.030668   0.808053   3.888323   1000000.000000
4.250000    16   0.245527   -0.007653   0.019356   85.367814   1.079968   3.900270   1000000.000000
4.500000    17   0.319627   -0.002954   0.024216   85.329166   1.156478   3.801219   1000000.000000
4.750000    18   0.390163   -0.001095   0.028739   85.356233   0.674985   3.818490   1000000.000000
5.000000    19   0.443713   0.004018   0.031535   84.984764   1.123112   3.802329   999998.000000
5.250000    20   0.468803   -0.002037   0.032856   83.897177   1.412629   3.775128   999997.000000
5.500000    21   0.486584   0.007300   0.032622   84.200421   1.883060   3.788050   999994.000000
5.750000    22   0.458885   0.014373   0.030496   84.782216   1.760243   3.756345   999993.000000
6.000000    23   0.411931   0.021309   0.026603   85.052978   1.825251   3.736613   999990.000000
6.250000    24   0.356210   0.012331   0.022007   84.295912   1.437205   3.660725   999986.000000
6.500000    25   0.265494   -0.005768   0.016376   83.578663   1.363428   3.648541   999982.000000
6.750000    26   0.186477   0.005815   0.010959   82.061401   0.825615   3.574616   999976.000000
7.000000    27   0.102059   -0.004248   0.006177   82.729390   0.426414   3.607555   999967.000000
7.250000    28   -0.001086   -0.006438   0.001844   80.743286   1.782559   3.632026   999956.000000
7.500000    29   -0.070384   -0.022288   -0.002068   81.845786   1.941203   3.540494   999939.000000
7.750000    30   -0.148733   -0.019595   -0.004147   82.318672   0.979672   3.470866   999919.000000
8.000000    31   -0.174520   -0.040771   -0.004327   81.027663   3.305253   3.581768   999896.000000
8.250000    32   -0.159299   0.001535   -0.003097   82.857332   3.712371   3.568176   999862.000000
8.500000    33   -0.141619   0.022952   -0.000203   78.878882   7.008117   3.558327   999828.000000
8.750000    34   -0.170899   0.067098   0.003837   75.033440   8.004198   3.628830   999777.000000
9.000000    35   -0.164727   0.051448   0.007390   73.146232   13.154125   3.614155   999720.000000
9.250000    36   -0.048306   0.065815   0.011696   78.503736   11.533089   3.676100   999673.000000
9.500000    37   -0.022184   0.034580   0.016946   78.722148   13.321366   3.734389   999592.000000
9.750000    38   0.035072   0.034713   0.021831   79.007459   12.002882   3.754596   999507.000000
10.000000    39   0.078982   0.038699   0.025186   84.997808   14.925665   3.728657   999417.000000
10.250000    40   0.094246   0.043966   0.027295   86.810371   22.744997   3.612644   999304.000000
10.500000    41   0.080070   0.001483   0.029799   88.274489   28.749353   3.726768   999210.000000
10.750000    42   0.039021   -0.012023   0.031042   69.325233   26.650162   3.771085   999076.000000
11.000000    43   0.098027   -0.088923   0.029154   77.637033   31.805663   3.526981   998915.000000
11.250000    44   0.041804   -0.232593   0.025834   64.133403   32.917411   3.453980   998728.000000
11.500000    45   -0.070187   -0.254545   0.021992   61.260574   47.751410   3.459199   998540.000000
11.750000    46   -0.344185   -0.310831   0.017529   50.244304   25.861188   3.550141   998318.000000
12.000000    47   -0.207622   -0.405430   0.011176   44.679285   33.532408   3.377985   998040.000000
12.250000    48   -0.447022   -0.563554   0.006945   36.586638   33.005858   3.365590   997759.000000
12.500000    49   -0.879691   -0.825208   0.003992   39.444138   34.025881   3.546426   997462.000000
12.750000    50   -0.956197   -0.642053   0.001465   1.677118   46.313720   3.518543   997126.000000
13.000000    51   -0.613161   -0.575899   -0.002219   -29.924155   66.909903   3.341315   996765.000000
13.250000    52   -0.349108   -0.467803   -0.001152   -79.062136   70.320574   3.589157   996383.000000
13.500000    53   -0.429700   -0.496262   -0.000953   -89.982248   52.595673   3.660862   995948.000000
13.750000    54   -0.776751   -0.587297   0.001767   -97.203102   17.394542   3.685588   995452.000000
14.000000    55   -0.963761   -0.144348   0.004546   -89.325060   13.102194   3.740484   994972.000000
14.250000    56   -0.967572   -0.063927   0.007351   -89.142510   25.397266   3.819957   994434.000000
14.500000    57   -1.030621   0.429033   0.012614   -41.719765   41.105493   4.190510   993880.000000
14.750000    58   -0.988776   0.444672   0.014208   -31.466227   -1.104859   4.315204   993293.000000
15.000000    59   -1.497845   0.487230   0.016339   14.971046   57.216851   3.574939   992610.000000
Number of threads was 20
