0.250000    0   0.979614   0.000047   0.241495   85.728347   -0.003327   21.325834   1000000.000000
0.500000    1   0.920570   0.000234   0.218420   85.592414   0.006052   21.219744   1000000.000000
0.750000    2   0.829738   0.000609   0.185128   85.531976   0.012466   21.123693   1000000.000000
1.000000    3   0.714334   0.001492   0.145782   85.427552   0.009014   21.012309   1000000.000000
1.250000    4   0.582024   0.002342   0.105256   85.313474   -0.066764   20.949413   1000000.000000
1.500000    5   0.443272   0.003865   0.065931   85.293377   -0.112113   20.893318   1000000.000000
1.750000    6   0.307592   0.006104   0.031069   85.296200   -0.055405   20.807375   1000000.000000
2.000000    7   0.187593   0.006534   0.002922   85.320516   -0.075348   20.695836   1000000.000000
2.250000    8   0.085692   0.006599   -0.016796   85.409649   -0.106447   20.633004   1000000.000000
2.500000    9   0.010697   0.005101   -0.028712   85.116709   -0.079294   20.507881   1000000.000000
2.750000    10   -0.033632   0.002948   -0.030892   85.137139   -0.053562   20.453853   1000000.000000
3.000000    11   -0.044855   0.002637   -0.024051   84.835522   -0.052555   20.295209   1000000.000000
3.250000    12   -0.025177   0.003224   -0.009140   85.222608   -0.154895   20.161525   1000000.000000
3.500000    13   0.020244   0.003569   0.012777   85.508141   -0.052149   20.042097   1000000.000000
3.750000    14   0.081423   0.002228   0.040057   85.798386   0.084280   19.910397   1000000.000000
4.000000    15   0.157973   0.000824   0.069949   85.836553   0.175767   19.759139   1000000.000000
4.250000    16   0.242417   0.000747   0.098884   86.005859   -0.330940   19.674183   1000000.000000
4.500000    17   0.326320   0.005841   0.124565   86.382389   0.177024   19.526965   1000000.000000
4.750000    18   0.396293   0.006257   0.145224   86.268421   0.124101   19.440678   1000000.000000
5.000000    19   0.449047   0.010627   0.158455   86.042404   0.313180   19.307746   1000000.000000
5.250000    20   0.475781   0.015713   0.163849   86.670385   0.013294   19.189503   999999.000000
5.500000    21   0.490375   0.019974   0.161241   86.831111   0.215148   19.141466   999997.000000
5.750000    22   0.473408   0.025721   0.150762   87.344442   0.579703   19.012238   999993.000000
6.000000    23   0.434136   0.039445   0.133714   88.244881   -0.069295   18.926192   999992.000000
6.250000    24   0.355608   0.028164   0.110413   87.071004   -0.719893   18.727388   999990.000000
6.500000    25   0.288426   0.017567   0.083970   87.405082   -1.397242   18.569753   999984.000000
6.750000    26   0.179346   0.019354   0.056210   86.625497   -0.920077   18.420712   999981.000000
7.000000    27   0.086799   0.008179   0.030529   87.387019   0.565226   18.434221   999975.000000
7.250000    28   -0.014996   0.011999   0.007624   86.778488   2.618033   18.425874   999959.000000
7.500000    29   -0.103524   0.021359   -0.009791   86.473005   3.945026   18.240039   999940.000000
7.750000    30   -0.170754   0.033275   -0.019576   86.257538   3.080911   18.015335   999918.000000
8.000000    31   -0.177986   0.043908   -0.022439   85.143001   4.195669   17.980643   999895.000000
8.250000    32   -0.190735   0.053703   -0.018828   86.158301   3.541354   17.614446   999870.000000
8.500000    33   -0.220007   0.078440   -0.008226   86.836442   3.953469   17.537805   999834.000000
8.750000    34   -0.160041   0.083937   0.008284   86.010317   3.322169   17.539933   999781.000000
9.000000    35   -0.127755   0.124337   0.027616   84.042968   4.386762   17.290306   999733.000000
9.250000    36   -0.006433   0.176887   0.050649   85.743333   2.917991   17.413582   999677.000000
9.500000    37   0.082580   0.163511   0.073776   82.114430   7.207342   17.152950   999588.000000
9.750000    38   0.062448   0.237409   0.097311   81.692906   6.394541   17.379532   999499.000000
10.000000    39   0.101410   0.271224   0.117756   82.339605   4.821534   17.387018   999404.000000
10.250000    40   0.166230   0.250340   0.132321   83.530177   7.850480   17.066718   999297.000000
10.500000    41   0.132859   0.154358   0.140964   78.976767   9.068309   17.057194   999200.000000
10.750000    42   0.202846   0.034049   0.143242   82.378910   10.780474   17.164193   999058.000000
11.000000    43   0.240544   -0.014469   0.136093   86.308797   20.914356   16.918289   998902.000000
11.250000    44   0.271192   -0.127881   0.121047   83.265030   21.059205   16.768125   998719.000000
11.500000    45   0.292017   -0.230875   0.100875   71.254444   25.959257   16.721308   998524.000000
11.750000    46   0.265971   -0.233441   0.080396   62.549101   24.651007   17.179694   998275.000000
12.000000    47   0.265454   -0.147142   0.055123   81.019161   24.314603   16.949607   998008.000000
12.250000    48   0.187260   0.098118   0.034699   72.596808   17.782988   17.064571   997754.000000
12.500000    49   0.101166   -0.071155   0.013139   73.246422   9.809266   16.723332   997461.000000
12.750000    50   -0.080487   0.216662   -0.000843   58.328193   11.323924   16.992817   997110.000000
13.000000    51   -0.078813   0.459975   -0.014112   26.122806   19.972670   16.654715   996746.000000
13.250000    52   -0.195489   0.831105   -0.015136   3.109600   -6.861187   17.007538   996369.000000
13.500000    53   -0.330644   1.318448   -0.013534   -6.489634   -8.936609   17.509245   995939.000000
13.750000    54   -0.687999   0.987859   -0.006030   -10.035372   -32.742714   17.014105   995487.000000
14.000000    55   -0.891759   1.097552   0.007356   -14.263873   -10.156399   17.011758   995006.000000
14.250000    56   -0.611302   1.263052   0.030449   -15.776260   -10.610521   17.681177   994473.000000
14.500000    57   -0.224903   0.566410   0.053464   -15.582811   20.695140   17.452411   993887.000000
14.750000    58   0.081661   -0.119587   0.074201   -55.901413   50.404343   17.448055   993293.000000
15.000000    59   -0.152168   -0.616973   0.092212   -1.947621   119.153048   16.752788   992590.000000
Number of threads was 4
