0.250000    0   0.980783   -0.000049   0.019686   85.912035   -0.000370   1.758123   1000000.000000
0.500000    1   0.922669   -0.000308   0.017658   85.841364   -0.032541   1.741019   1000000.000000
0.750000    2   0.831685   -0.000527   0.014978   85.756415   -0.036384   1.735772   1000000.000000
1.000000    3   0.715314   -0.001150   0.011678   85.633771   0.017270   1.727435   1000000.000000
1.250000    4   0.583140   -0.002170   0.008321   85.672693   0.039819   1.722503   1000000.000000
1.500000    5   0.443224   -0.003463   0.005160   85.516833   0.059206   1.725453   1000000.000000
1.750000    6   0.308754   -0.004204   0.002257   85.564864   0.099745   1.717797   1000000.000000
2.000000    7   0.185120   -0.004284   -0.000044   85.382520   0.032766   1.717646   1000000.000000
2.250000    8   0.080704   -0.005376   -0.001623   85.339290   0.053033   1.715823   1000000.000000
2.500000    9   0.007977   -0.005439   -0.002724   85.033441   0.162542   1.667493   1000000.000000
2.750000    10   -0.034109   -0.005136   -0.003011   84.963683   0.110651   1.672861   1000000.000000
3.000000    11   -0.042579   -0.004820   -0.002475   85.130677   0.286786   1.651129   1000000.000000
3.250000    12   -0.020029   -0.006277   -0.001215   84.828224   0.295810   1.639064   1000000.000000
3.500000    13   0.023368   -0.005584   0.000662   85.106312   0.853399   1.643866   1000000.000000
3.750000    14   0.086753   -0.006185   0.003020   84.962867   0.845201   1.641298   1000000.000000
4.000000    15   0.167423   -0.002535   0.005511   85.248357   0.936071   1.636893   1000000.000000
4.250000    16   0.252420   -0.007306   0.007940   85.651058   0.783927   1.651092   1000000.000000
4.500000    17   0.336506   -0.005561   0.009945   86.578431   1.002962   1.613422   999998.000000
4.750000    18   0.411692   -0.002448   0.011834   86.976833   0.720470   1.617264   999998.000000
5.000000    19   0.460693   -0.003401   0.013035   86.240579   0.755144   1.625044   999997.000000
5.250000    20   0.483019   -0.010338   0.013766   85.891385   0.290082   1.625191   999996.000000
5.500000    21   0.496774   -0.016644   0.013733   86.737459   0.193272   1.631515   999992.000000
5.750000    22   0.474873   -0.008025   0.012989   87.688735   -0.064798   1.606018   999989.000000
6.000000    23   0.425610   -0.004899   0.011274   88.085387   -0.015409   1.595320   999987.000000
6.250000    24   0.359992   -0.011926   0.009248   85.635261   0.363505   1.549926   999981.000000
6.500000    25   0.278579   -0.040736   0.006787   85.801871   -0.668956   1.517633   999975.000000
6.750000    26   0.186383   -0.024723   0.004851   85.150163   -0.629222   1.513919   999968.000000
7.000000    27   0.098807   -0.034245   0.003188   85.798910   -1.625940   1.575147   999962.000000
7.250000    28   0.002356   -0.032704   0.001478   84.061382   -1.252943   1.627673   999948.000000
7.500000    29   -0.064739   -0.031793   -0.000265   85.108367   -0.409517   1.561956   999928.000000
7.750000    30   -0.131678   -0.008097   -0.001249   84.371936   1.599630   1.519164   999909.000000
8.000000    31   -0.145812   0.001273   -0.001401   85.968941   2.198575   1.570585   999887.000000
8.250000    32   -0.176795   -0.032528   -0.001046   85.835825   -0.527543   1.516059   999856.000000
8.500000    33   -0.165049   0.005606   0.000002   86.319547   -0.646929   1.553154   999812.000000
8.750000    34   -0.161483   0.040807   0.001678   85.688196   2.039775   1.601493   999768.000000
9.000000    35   -0.121831   0.061175   0.002993   79.940696   5.758316   1.586127   999723.000000
9.250000    36   -0.055803   0.172573   0.004948   81.302168   11.093559   1.606815   999664.000000
9.500000    37   -0.020536   0.207419   0.007265   83.893106   6.442354   1.615375   999584.000000
9.750000    38   0.027890   0.137231   0.009087   82.166039   2.737443   1.574130   999508.000000
10.000000    39   0.122778   0.096516   0.011182   83.707838   10.671431   1.639173   999423.000000
10.250000    40   0.221516   0.149306   0.011586   89.543524   11.063537   1.502361   999314.000000
10.500000    41   0.255441   0.026304   0.012667   96.439128   10.384485   1.546971   999208.000000
10.750000    42   0.252945   -0.071949   0.012972   92.866257   13.668314   1.607394   999080.000000
11.000000    43   0.356807   -0.205153   0.011430   110.872036   18.991040   1.457432   998934.000000
11.250000    44   0.410993   -0.312003   0.009868   102.715386   27.791504   1.464618   998735.000000
11.500000    45   0.302674   -0.237629   0.008732   102.662295   38.384803   1.450407   998530.000000
11.750000    46   0.384223   -0.293359   0.007600   95.652446   19.851479   1.570271   998347.000000
12.000000    47   0.675423   -0.278650   0.005165   91.658127   24.860593   1.449558   998105.000000
12.250000    48   0.169001   -0.537509   0.003531   78.273373   50.947812   1.434820   997840.000000
12.500000    49   -0.075765   -0.824015   0.002671   65.220167   58.371906   1.518936   997581.000000
12.750000    50   -0.045477   -0.604082   0.001901   56.255938   60.442169   1.590398   997247.000000
13.000000    51   0.132474   -0.605521   -0.001553   45.095428   65.261663   1.278456   996888.000000
13.250000    52   0.097911   -0.605243   -0.001410   33.363330   74.274189   1.324907   996480.000000
13.500000    53   0.130917   -0.673262   -0.000723   5.666714   76.162369   1.365195   996051.000000
13.750000    54   -0.388659   -0.594717   0.001272   -10.686641   83.525289   1.480666   995584.000000
14.000000    55   -0.661397   -0.605298   0.004082   -6.496604   83.537851   1.638949   995088.000000
14.250000    56   -0.466301   -0.457090   0.005760   -45.599473   77.945193   1.764734   994528.000000
14.500000    57   -0.547557   0.081291   0.007409   -34.188029   69.871717   1.869562   993958.000000
14.750000    58   -0.688663   -0.023659   0.007375   -17.868919   27.375234   1.710399   993326.000000
15.000000    59   -2.304644   -0.528732   0.009246   7.191937   4.304970   1.675186   992653.000000
Number of threads was 48
