0.250000    0   0.980045   0.000095   0.080427   85.801119   -0.006095   7.095089   1000000.000000
0.500000    1   0.921808   0.000075   0.072655   85.624083   -0.031025   7.035525   1000000.000000
0.750000    2   0.830611   0.000497   0.061677   85.374713   -0.044112   7.017435   1000000.000000
1.000000    3   0.715450   0.000808   0.048711   85.304000   -0.046004   7.002624   1000000.000000
1.250000    4   0.583805   0.001047   0.035066   85.203010   -0.088002   6.991898   1000000.000000
1.500000    5   0.444205   0.001923   0.021841   84.973348   -0.147417   6.971375   1000000.000000
1.750000    6   0.308714   0.002429   0.010157   85.165228   -0.079665   6.946661   1000000.000000
2.000000    7   0.185797   0.003846   0.000620   84.938741   -0.252108   6.887677   1000000.000000
2.250000    8   0.083257   0.002681   -0.005809   84.841968   -0.181563   6.872029   1000000.000000
2.500000    9   0.011197   0.001139   -0.009811   84.805730   -0.133579   6.788774   1000000.000000
2.750000    10   -0.032723   -0.002041   -0.010577   84.793532   -0.241300   6.782981   1000000.000000
3.000000    11   -0.044945   -0.004161   -0.008222   84.873383   -0.125478   6.756399   1000000.000000
3.250000    12   -0.027114   -0.004812   -0.003152   85.083188   -0.335147   6.697306   1000000.000000
3.500000    13   0.019329   -0.004710   0.004027   85.169342   0.091838   6.670598   1000000.000000
3.750000    14   0.081560   -0.003638   0.013355   85.386195   -0.095526   6.656143   1000000.000000
4.000000    15   0.159408   -0.000707   0.023242   85.111152   0.261691   6.581040   1000000.000000
4.250000    16   0.249322   -0.003262   0.033001   85.176564   0.277541   6.570031   1000000.000000
4.500000    17   0.330457   -0.000072   0.041185   85.541802   -0.322375   6.465087   1000000.000000
4.750000    18   0.398188   -0.002448   0.048421   85.809239   -0.053129   6.485197   1000000.000000
5.000000    19   0.457151   0.001445   0.052945   86.219004   0.646848   6.464707   1000000.000000
5.250000    20   0.482513   -0.004511   0.055141   85.912310   0.734891   6.447531   999999.000000
5.500000    21   0.503094   -0.002465   0.054416   85.658350   0.777122   6.399135   999995.000000
5.750000    22   0.477321   0.009515   0.051272   85.694901   0.844162   6.382628   999994.000000
6.000000    23   0.423700   0.014102   0.045420   86.642073   0.829636   6.375192   999991.000000
6.250000    24   0.362375   0.000184   0.037480   85.133273   -0.673180   6.283702   999989.000000
6.500000    25   0.284384   -0.003793   0.028650   85.283308   -0.805182   6.250241   999984.000000
6.750000    26   0.206051   -0.001581   0.019406   83.541693   -1.382758   6.158548   999979.000000
7.000000    27   0.116509   0.007142   0.010975   85.179493   -2.767738   6.151957   999970.000000
7.250000    28   0.006815   0.003278   0.003199   84.356952   -1.047607   6.165541   999955.000000
7.500000    29   -0.083026   -0.000915   -0.003201   84.093611   -1.085420   6.035799   999934.000000
7.750000    30   -0.173264   -0.002007   -0.006087   84.855631   -3.834530   6.039089   999912.000000
8.000000    31   -0.175536   -0.017203   -0.006683   81.979916   -3.271017   6.099440   999885.000000
8.250000    32   -0.168347   -0.015388   -0.005218   82.891972   -2.927061   6.081325   999856.000000
8.500000    33   -0.158254   0.005819   -0.001649   81.130237   -1.344881   5.999347   999820.000000
8.750000    34   -0.161296   0.035251   0.004146   75.131062   -1.095554   6.002332   999765.000000
9.000000    35   -0.132457   0.052130   0.010791   71.917256   -0.025192   5.984480   999705.000000
9.250000    36   -0.046816   0.051089   0.018402   76.607078   4.060204   6.084554   999657.000000
9.500000    37   -0.034964   0.000172   0.027157   78.533091   8.608481   6.153393   999572.000000
9.750000    38   -0.010363   -0.006154   0.035194   75.776179   4.206273   6.231837   999499.000000
10.000000    39   -0.069590   0.064034   0.041707   83.638566   -1.639097   6.217852   999402.000000
10.250000    40   -0.013127   0.053820   0.046864   83.159103   10.006190   6.160569   999276.000000
10.500000    41   -0.035173   0.028300   0.050760   83.915028   12.536778   6.280010   999173.000000
10.750000    42   -0.005034   -0.108952   0.051786   81.162900   6.624054   6.293138   999021.000000
11.000000    43   0.054284   -0.236240   0.049142   89.132802   9.431179   6.101959   998854.000000
11.250000    44   -0.055260   -0.299496   0.042464   74.605615   15.887225   5.874338   998677.000000
11.500000    45   -0.052598   -0.339351   0.035989   79.536590   26.682808   5.931702   998490.000000
11.750000    46   -0.279717   -0.419028   0.028625   78.512385   19.811288   6.167554   998254.000000
12.000000    47   -0.225227   -0.580714   0.018805   87.266709   14.537003   6.084773   997985.000000
12.250000    48   -0.388053   -0.497106   0.012119   82.916133   20.865619   6.103185   997694.000000
12.500000    49   -0.808198   -0.736007   0.005511   69.537035   17.439831   6.119119   997435.000000
12.750000    50   -0.854179   -0.575336   0.003194   33.753587   31.009317   6.235913   997106.000000
13.000000    51   -0.336016   -0.433592   0.001185   15.055215   39.579547   6.266335   996755.000000
13.250000    52   -0.383507   -0.171594   0.002671   -12.477107   36.999138   6.557356   996391.000000
13.500000    53   -0.178188   0.033488   0.003571   -1.443913   19.234998   6.581184   995994.000000
13.750000    54   -0.483643   0.038460   0.007186   -20.065130   -35.136104   6.474529   995481.000000
14.000000    55   -0.963310   0.240500   0.010573   -16.421587   -61.157490   6.173786   995051.000000
14.250000    56   -1.009293   0.271440   0.016531   -59.717938   -16.114514   6.371214   994496.000000
14.500000    57   -0.625394   0.168631   0.025278   -59.933578   70.962349   6.758889   993939.000000
14.750000    58   -0.335082   0.093197   0.031130   -105.362389   95.493603   7.048707   993354.000000
15.000000    59   -1.257534   -0.030916   0.034808   -81.159125   124.498153   6.326512   992695.000000
Number of threads was 12
