0.250000    0   0.980185   0.000204   0.120860   85.777747   -0.005524   10.665402   1000000.000000
0.500000    1   0.921792   0.000483   0.109376   85.607795   -0.026224   10.602216   1000000.000000
0.750000    2   0.830760   0.000749   0.092764   85.468705   -0.008772   10.575545   1000000.000000
1.000000    3   0.714951   0.001187   0.073125   85.362868   -0.016063   10.536905   1000000.000000
1.250000    4   0.582843   0.001479   0.052758   85.249524   -0.093390   10.517526   1000000.000000
1.500000    5   0.443402   0.001763   0.033208   85.107823   -0.119288   10.503320   1000000.000000
1.750000    6   0.305974   0.001821   0.015837   85.213143   -0.040762   10.462137   1000000.000000
2.000000    7   0.184140   0.002656   0.001557   85.026606   -0.078322   10.352153   1000000.000000
2.250000    8   0.081893   0.003041   -0.008124   85.039455   -0.073076   10.325035   1000000.000000
2.500000    9   0.007729   0.002628   -0.014018   84.940726   -0.097719   10.265811   1000000.000000
2.750000    10   -0.035678   0.001682   -0.015289   85.155948   -0.118502   10.239067   1000000.000000
3.000000    11   -0.045304   -0.001365   -0.012046   84.931807   -0.053015   10.165905   1000000.000000
3.250000    12   -0.026667   -0.001847   -0.004524   85.330583   -0.240250   10.076419   1000000.000000
3.500000    13   0.017563   -0.002624   0.006497   85.243514   0.254134   10.045901   1000000.000000
3.750000    14   0.082069   -0.004762   0.020305   85.353801   0.095114   10.005875   1000000.000000
4.000000    15   0.163063   -0.002305   0.035151   85.184006   0.363285   9.895687   1000000.000000
4.250000    16   0.252721   -0.007795   0.049550   85.046756   0.005895   9.847931   1000000.000000
4.500000    17   0.336027   -0.009848   0.062074   85.695360   -0.252711   9.707311   1000000.000000
4.750000    18   0.404485   -0.012583   0.072695   85.950217   -0.347797   9.720136   1000000.000000
5.000000    19   0.461014   -0.007514   0.079444   85.689863   -0.122686   9.657264   1000000.000000
5.250000    20   0.485405   -0.007690   0.082500   86.018859   -0.663329   9.650852   1000000.000000
5.500000    21   0.504554   -0.010818   0.081645   86.049626   -1.249010   9.634567   999999.000000
5.750000    22   0.484198   -0.004808   0.076500   86.280224   -1.609600   9.555625   999996.000000
6.000000    23   0.433455   0.008642   0.067901   87.156904   -1.913793   9.537796   999993.000000
6.250000    24   0.367264   -0.001136   0.055955   86.336185   -2.750734   9.329598   999993.000000
6.500000    25   0.289534   -0.019022   0.042733   87.875458   -3.128996   9.250904   999989.000000
6.750000    26   0.195858   -0.013981   0.028564   87.512153   -5.095358   9.145411   999986.000000
7.000000    27   0.102481   -0.001144   0.015692   88.150181   -5.611649   9.165436   999976.000000
7.250000    28   -0.000307   -0.003710   0.003892   87.371381   -4.391333   9.175769   999966.000000
7.500000    29   -0.097476   -0.014365   -0.005275   86.685857   -4.785291   9.006972   999945.000000
7.750000    30   -0.190829   -0.015292   -0.009596   86.206756   -6.140949   8.991688   999924.000000
8.000000    31   -0.193999   -0.026710   -0.011002   84.911232   -5.310199   9.031076   999898.000000
8.250000    32   -0.198119   -0.012901   -0.008957   86.011218   -4.686572   8.937151   999870.000000
8.500000    33   -0.202556   0.018454   -0.004479   82.639524   -3.914054   8.805651   999835.000000
8.750000    34   -0.200280   0.039021   0.004156   79.841108   -1.092929   8.817590   999791.000000
9.000000    35   -0.150916   0.084500   0.014423   77.783172   -2.007584   8.779508   999739.000000
9.250000    36   -0.003627   0.111428   0.025880   81.383697   -1.503893   8.778448   999682.000000
9.500000    37   0.014929   0.105525   0.038189   83.621059   5.394939   8.771647   999605.000000
9.750000    38   -0.002915   0.138588   0.050501   72.235319   2.794824   8.941940   999524.000000
10.000000    39   0.014775   0.159803   0.060739   76.699193   -4.110430   8.895022   999416.000000
10.250000    40   0.046145   0.119688   0.068524   77.202041   -0.345663   8.738033   999293.000000
10.500000    41   -0.008512   0.070792   0.073841   78.928910   -1.141125   8.882414   999192.000000
10.750000    42   0.097049   -0.047353   0.075950   78.870896   -2.326326   8.994749   999045.000000
11.000000    43   0.192560   -0.064661   0.071889   83.497803   -3.923241   8.723721   998887.000000
11.250000    44   0.242142   -0.182709   0.063347   72.127314   -4.022633   8.535193   998710.000000
11.500000    45   0.299402   -0.263098   0.053524   74.253808   1.137010   8.652383   998513.000000
11.750000    46   0.148871   -0.247467   0.043527   74.986206   -3.037683   9.041004   998276.000000
12.000000    47   0.175723   -0.557406   0.029890   81.580359   -10.437727   8.950109   998020.000000
12.250000    48   0.085912   -0.401123   0.020584   78.297976   -11.173216   9.084975   997742.000000
12.500000    49   -0.068366   -0.642058   0.010423   72.552071   -16.527761   9.047480   997452.000000
12.750000    50   -0.122544   -0.417831   0.005203   58.149400   -19.566865   9.151677   997115.000000
13.000000    51   0.034330   -0.179446   0.001161   32.955849   -26.834442   9.202798   996769.000000
13.250000    52   -0.062350   -0.116343   0.001328   16.056562   -58.607356   9.436561   996394.000000
13.500000    53   -0.137366   0.075036   0.002750   41.453830   -76.870991   9.771470   995985.000000
13.750000    54   -0.416222   -0.305396   0.006834   23.681391   -119.984515   9.287984   995502.000000
14.000000    55   -0.808566   0.277675   0.013469   26.538021   -116.124480   8.925245   995044.000000
14.250000    56   -0.679088   0.260482   0.024729   -21.023138   -113.872027   9.302739   994491.000000
14.500000    57   -0.270393   0.040487   0.037011   -23.960324   -107.360667   9.703095   993933.000000
14.750000    58   0.146151   -0.451384   0.048654   -56.291461   -70.249908   9.978754   993327.000000
15.000000    59   -0.325399   -0.657811   0.056625   -52.035458   -21.901770   9.304225   992702.000000
Number of threads was 8
