0.250000    0   0.980008   0.000249   0.040030   85.776707   -0.002518   3.539250   1000000.000000
0.500000    1   0.922186   0.000472   0.035977   85.624075   -0.025964   3.496887   1000000.000000
0.750000    2   0.830468   0.000595   0.030505   85.472529   -0.030204   3.483820   1000000.000000
1.000000    3   0.714784   0.000700   0.023904   85.279948   -0.025958   3.480114   1000000.000000
1.250000    4   0.582204   0.000679   0.017077   85.255011   -0.091603   3.469443   1000000.000000
1.500000    5   0.443091   0.001005   0.010554   85.149442   -0.087925   3.449317   1000000.000000
1.750000    6   0.307742   0.001249   0.004629   85.167300   -0.085543   3.417327   1000000.000000
2.000000    7   0.183211   0.001994   0.000030   85.077823   -0.129262   3.407259   1000000.000000
2.250000    8   0.081388   0.000065   -0.003112   85.129885   -0.106671   3.414659   1000000.000000
2.500000    9   0.005893   0.000068   -0.005249   85.019569   -0.134718   3.344039   1000000.000000
2.750000    10   -0.037675   -0.002284   -0.005740   84.904887   -0.121482   3.334761   1000000.000000
3.000000    11   -0.048430   -0.004388   -0.004491   85.103891   -0.000476   3.312109   1000000.000000
3.250000    12   -0.029616   -0.008499   -0.001898   85.126784   0.004238   3.287745   1000000.000000
3.500000    13   0.014751   -0.008411   0.001721   85.449789   0.471844   3.271154   1000000.000000
3.750000    14   0.080914   -0.008924   0.006413   85.328593   0.388332   3.278777   1000000.000000
4.000000    15   0.163332   -0.001917   0.011392   85.084891   0.555005   3.237632   1000000.000000
4.250000    16   0.251801   -0.009241   0.016352   85.297749   0.824997   3.253445   999999.000000
4.500000    17   0.329211   -0.005434   0.020276   85.377409   0.890481   3.158369   999999.000000
4.750000    18   0.399575   -0.002709   0.023985   85.699388   0.447480   3.173876   999999.000000
5.000000    19   0.446987   0.009529   0.026275   85.122870   0.472771   3.184613   999997.000000
5.250000    20   0.470177   0.002063   0.027439   84.798800   0.885800   3.178621   999996.000000
5.500000    21   0.483556   0.011327   0.027286   85.123327   1.407922   3.194000   999993.000000
5.750000    22   0.461019   0.021914   0.025559   85.753684   1.373328   3.161073   999990.000000
6.000000    23   0.419612   0.032369   0.022342   86.303341   1.528530   3.159341   999987.000000
6.250000    24   0.362007   0.024148   0.018400   85.041742   1.330618   3.082007   999982.000000
6.500000    25   0.258451   0.003218   0.013563   85.152929   0.772376   3.064311   999978.000000
6.750000    26   0.174861   0.007497   0.008976   84.008653   -0.614167   2.981741   999971.000000
7.000000    27   0.093066   -0.004142   0.005307   84.351406   -1.724300   3.055012   999963.000000
7.250000    28   -0.004325   -0.011064   0.001866   83.349046   -1.133491   3.079295   999951.000000
7.500000    29   -0.074890   -0.038664   -0.001383   84.440110   -0.087933   3.000711   999938.000000
7.750000    30   -0.161560   -0.025743   -0.002907   85.015625   -1.347494   2.933482   999918.000000
8.000000    31   -0.180173   -0.047398   -0.002884   84.221244   -0.161851   3.020708   999896.000000
8.250000    32   -0.160672   -0.026584   -0.001873   84.971430   1.071202   3.003512   999864.000000
8.500000    33   -0.112091   -0.010459   0.000399   82.614622   4.825874   3.016480   999825.000000
8.750000    34   -0.161348   0.046502   0.003553   78.859239   3.520762   3.075792   999777.000000
9.000000    35   -0.113673   0.063377   0.006315   75.261589   4.769805   3.070870   999720.000000
9.250000    36   0.004721   0.100247   0.009744   79.929553   5.265432   3.109089   999667.000000
9.500000    37   0.077881   0.098249   0.014228   79.655689   3.528077   3.125048   999592.000000
9.750000    38   0.096165   0.123157   0.018252   80.506777   0.937348   3.147401   999507.000000
10.000000    39   0.174365   0.116711   0.021095   82.994417   12.452421   3.135522   999424.000000
10.250000    40   0.184865   0.061292   0.022482   84.589376   22.406752   2.985673   999306.000000
10.500000    41   0.176654   0.008070   0.024678   83.580659   24.205286   3.085730   999216.000000
10.750000    42   0.113080   -0.120598   0.025669   71.508894   26.377726   3.166032   999077.000000
11.000000    43   0.235934   -0.197138   0.023703   83.323164   30.879092   2.921729   998904.000000
11.250000    44   0.230220   -0.337273   0.020819   64.658349   28.147121   2.806677   998709.000000
11.500000    45   0.093824   -0.432275   0.018112   66.793207   46.215589   2.819003   998523.000000
11.750000    46   -0.052802   -0.511881   0.014979   59.218462   19.542434   2.926066   998306.000000
12.000000    47   0.130178   -0.577728   0.009647   49.090327   26.804341   2.703497   998038.000000
12.250000    48   -0.195588   -0.877337   0.006180   52.027558   26.644447   2.707936   997758.000000
12.500000    49   -0.653359   -1.195034   0.004074   51.249042   25.186533   2.880496   997460.000000
12.750000    50   -0.601760   -0.985588   0.002115   17.402777   46.887843   2.961134   997139.000000
13.000000    51   -0.192746   -0.961075   -0.001329   -15.498974   77.112774   2.725095   996785.000000
13.250000    52   0.041294   -0.907294   -0.000475   -45.500320   83.036292   2.892411   996407.000000
13.500000    53   -0.021558   -0.800301   -0.000567   -43.194645   76.763734   2.927287   995981.000000
13.750000    54   -0.050302   -0.864813   0.001486   -59.423656   60.732011   2.877832   995482.000000
14.000000    55   -0.130128   -0.469130   0.004748   -42.253028   48.930377   3.009824   994985.000000
14.250000    56   0.103581   -0.588786   0.007601   -63.819539   68.985639   3.195814   994455.000000
14.500000    57   -0.100204   0.141152   0.010882   -57.822034   60.515629   3.471969   993902.000000
14.750000    58   -0.111136   0.215391   0.011461   -50.881119   -7.003424   3.626105   993320.000000
15.000000    59   -0.896981   0.327088   0.014195   -12.142891   44.752528   3.180634   992659.000000
Number of threads was 24
