0.250000    0   0.980545   0.000129   0.060311   85.801436   -0.007918   5.332242   1000000.000000
0.500000    1   0.922856   0.000043   0.054488   85.599350   -0.017545   5.288202   1000000.000000
0.750000    2   0.831880   -0.000076   0.046270   85.376724   0.004379   5.279985   1000000.000000
1.000000    3   0.716284   -0.000082   0.036465   85.244728   0.029866   5.266313   1000000.000000
1.250000    4   0.584166   -0.000278   0.026207   85.201361   0.001313   5.248381   1000000.000000
1.500000    5   0.445229   0.001002   0.016420   85.072125   -0.030270   5.234655   1000000.000000
1.750000    6   0.309429   0.000861   0.007640   85.217913   0.039711   5.197398   1000000.000000
2.000000    7   0.186227   0.001619   0.000677   85.016654   -0.067347   5.165077   1000000.000000
2.250000    8   0.083683   0.001384   -0.004073   85.020546   -0.002427   5.168602   1000000.000000
2.500000    9   0.009461   0.000862   -0.007083   84.897196   0.110358   5.090066   1000000.000000
2.750000    10   -0.034293   -0.002108   -0.007644   84.874410   0.025995   5.091663   1000000.000000
3.000000    11   -0.047232   -0.003397   -0.005890   85.040137   0.237267   5.064628   1000000.000000
3.250000    12   -0.027846   -0.006450   -0.002175   85.298308   0.218540   5.022776   1000000.000000
3.500000    13   0.016674   -0.005971   0.003178   85.433567   0.665065   4.998141   1000000.000000
3.750000    14   0.081257   -0.007808   0.010029   85.300214   0.449328   4.985693   1000000.000000
4.000000    15   0.162249   -0.004635   0.017350   85.106206   0.610404   4.914639   1000000.000000
4.250000    16   0.251447   -0.010895   0.024690   85.366160   0.879985   4.914632   1000000.000000
4.500000    17   0.329084   -0.006298   0.030620   85.515579   0.596673   4.791109   1000000.000000
4.750000    18   0.399278   -0.007294   0.036183   86.076156   0.369348   4.825353   1000000.000000
5.000000    19   0.450695   0.002353   0.039449   85.842090   0.902348   4.792435   999998.000000
5.250000    20   0.476542   -0.000936   0.041029   84.942699   1.095917   4.769855   999998.000000
5.500000    21   0.487021   0.005859   0.040494   85.244761   1.260737   4.752177   999994.000000
5.750000    22   0.448047   0.018358   0.038084   85.887458   1.312099   4.722667   999992.000000
6.000000    23   0.399625   0.018603   0.033524   86.106147   1.762318   4.695862   999989.000000
6.250000    24   0.343492   0.005727   0.027779   85.162063   1.343763   4.627117   999985.000000
6.500000    25   0.254141   -0.015907   0.020854   84.505975   1.327518   4.600792   999981.000000
6.750000    26   0.180724   -0.009037   0.013699   83.025788   0.376777   4.506013   999973.000000
7.000000    27   0.091941   -0.003598   0.007395   84.164734   -0.485369   4.483549   999965.000000
7.250000    28   -0.014293   0.000829   0.001896   83.339288   1.094360   4.515992   999952.000000
7.500000    29   -0.082694   -0.016221   -0.002895   84.363086   2.009033   4.402884   999932.000000
7.750000    30   -0.168319   -0.017154   -0.005042   86.670593   -0.485122   4.370233   999911.000000
8.000000    31   -0.184600   -0.046024   -0.005430   85.265453   1.417084   4.460675   999891.000000
8.250000    32   -0.174473   -0.007305   -0.003866   87.462774   1.169712   4.496678   999860.000000
8.500000    33   -0.150496   -0.005222   -0.001072   84.921857   3.599960   4.412738   999825.000000
8.750000    34   -0.179167   0.000842   0.003323   79.969074   2.808853   4.442868   999775.000000
9.000000    35   -0.152971   0.020990   0.008093   76.280177   4.327431   4.427094   999723.000000
9.250000    36   -0.063532   0.046017   0.013344   81.348401   6.256641   4.516530   999674.000000
9.500000    37   -0.054072   -0.008988   0.019985   83.313474   9.836015   4.625238   999594.000000
9.750000    38   0.004894   0.001426   0.026201   82.420934   8.132386   4.672383   999520.000000
10.000000    39   0.034294   0.086209   0.031199   87.230935   9.201320   4.655465   999421.000000
10.250000    40   0.067241   0.130865   0.034966   88.542737   18.611099   4.574058   999299.000000
10.500000    41   -0.005311   0.125721   0.038738   88.766670   23.699825   4.727696   999206.000000
10.750000    42   -0.092754   0.107973   0.040203   82.728917   19.420841   4.755364   999067.000000
11.000000    43   -0.061179   0.024542   0.037849   94.147681   26.636242   4.552050   998911.000000
11.250000    44   -0.097510   -0.112415   0.032611   77.227064   29.140416   4.352444   998734.000000
11.500000    45   -0.073317   -0.144616   0.028033   74.948650   38.460632   4.385586   998550.000000
11.750000    46   -0.244661   -0.268599   0.022872   74.114825   21.436390   4.535279   998327.000000
12.000000    47   -0.116918   -0.375599   0.015377   77.097399   23.886856   4.366667   998064.000000
12.250000    48   -0.278677   -0.541975   0.010448   71.650187   29.819975   4.367162   997782.000000
12.500000    49   -0.707460   -0.893898   0.004762   72.683651   27.703203   4.325468   997509.000000
12.750000    50   -0.743342   -0.754340   0.001882   36.392016   43.987442   4.351785   997180.000000
13.000000    51   -0.187348   -0.615029   -0.002471   10.477489   73.124249   4.195343   996823.000000
13.250000    52   -0.073035   -0.288689   -0.002112   -40.889027   57.041652   4.447961   996438.000000
13.500000    53   0.039608   -0.132495   -0.001921   -36.166455   41.112907   4.515690   996025.000000
13.750000    54   -0.271102   -0.027998   0.001484   -30.283003   11.923427   4.514725   995499.000000
14.000000    55   -0.530016   0.224470   0.004601   -40.503027   -14.219114   4.320401   995029.000000
14.250000    56   -0.702774   0.532317   0.008388   -29.383730   7.011436   4.439824   994478.000000
14.500000    57   -0.552045   0.845264   0.014636   -28.469617   73.243394   4.847792   993924.000000
14.750000    58   -0.492699   0.937794   0.017292   -55.118430   69.250873   5.030132   993338.000000
15.000000    59   -1.383227   1.088828   0.019898   -18.950276   84.253456   4.312510   992645.000000
Number of threads was 16
